38711	0.5	24.5	5.	
38712	1.	24.5	5.	
38713	1.5	24.5	5.	
38714	2.	24.5	5.	
38715	2.5	24.5	5.	
38716	3.	24.5	5.	
38717	3.5	24.5	5.	
38718	4.	24.5	5.	
38719	4.5	24.5	5.	
38720	5.	24.5	5.	
38721	5.5	24.5	5.	
38722	6.	24.5	5.	
38723	6.5	24.5	5.	
38724	7.	24.5	5.	
38725	7.5	24.5	5.	
38726	8.	24.5	5.	
38727	8.5	24.5	5.	
38728	9.	24.5	5.	
38729	9.5	24.5	5.	
38730	10.	24.5	5.	
38731	10.5	24.5	5.	
38732	11.	24.5	5.	
38733	11.5	24.5	5.	
38734	12.	24.5	5.	
38735	12.5	24.5	5.	
38736	13.	24.5	5.	
38737	13.5	24.5	5.	
38738	14.	24.5	5.	
38739	14.5	24.5	5.	
38740	15.	24.5	5.	
38741	15.5	24.5	5.	
38742	16.	24.5	5.	
38743	16.5	24.5	5.	
38744	17.	24.5	5.	
38745	17.5	24.5	5.	
38746	18.	24.5	5.	
38747	18.5	24.5	5.	
38748	19.	24.5	5.	
38749	19.5	24.5	5.	
38750	20.	24.5	5.	
38751	20.5	24.5	5.	
38752	21.	24.5	5.	
38753	21.5	24.5	5.	
38754	22.	24.5	5.	
38755	22.5	24.5	5.	
38756	23.	24.5	5.	
38757	23.5	24.5	5.	
38758	24.	24.5	5.	
38759	24.5	24.5	5.	
38760	25.	24.5	5.	
38761	25.5	24.5	5.	
38762	26.	24.5	5.	
38763	26.5	24.5	5.	
38764	27.	24.5	5.	
38765	27.5	24.5	5.	
38766	28.	24.5	5.	
38767	28.5	24.5	5.	
38768	29.	24.5	5.	
38769	29.5	24.5	5.	
38770	30.	24.5	5.	
38771	30.5	24.5	5.	
38772	31.	24.5	5.	
38773	31.5	24.5	5.	
38774	32.	24.5	5.	
38775	32.5	24.5	5.	
38776	33.	24.5	5.	
38777	33.5	24.5	5.	
38778	34.	24.5	5.	
38779	34.5	24.5	5.	
38780	35.	24.5	5.	
38781	35.5	24.5	5.	
38782	36.	24.5	5.	
38783	36.5	24.5	5.	
38784	37.	24.5	5.	
38785	37.5	24.5	5.	
38786	38.	24.5	5.	
38787	38.5	24.5	5.	
38788	39.	24.5	5.	
38789	39.5	24.5	5.	
38790	0.5	24.	5.	
38791	1.	24.	5.	
38792	1.5	24.	5.	
38793	2.	24.	5.	
38794	2.5	24.	5.	
38795	3.	24.	5.	
38796	3.5	24.	5.	
38797	4.	24.	5.	
38798	4.5	24.	5.	
38799	5.	24.	5.	
38800	5.5	24.	5.	
38801	6.	24.	5.	
38802	6.5	24.	5.	
38803	7.	24.	5.	
38804	7.5	24.	5.	
38805	8.	24.	5.	
38806	8.5	24.	5.	
38807	9.	24.	5.	
38808	9.5	24.	5.	
38809	10.	24.	5.	
38810	10.5	24.	5.	
38811	11.	24.	5.	
38812	11.5	24.	5.	
38813	12.	24.	5.	
38814	12.5	24.	5.	
38815	13.	24.	5.	
38816	13.5	24.	5.	
38817	14.	24.	5.	
38818	14.5	24.	5.	
38819	15.	24.	5.	
38820	15.5	24.	5.	
38821	16.	24.	5.	
38822	16.5	24.	5.	
38823	17.	24.	5.	
38824	17.5	24.	5.	
38825	18.	24.	5.	
38826	18.5	24.	5.	
38827	19.	24.	5.	
38828	19.5	24.	5.	
38829	20.	24.	5.	
38830	20.5	24.	5.	
38831	21.	24.	5.	
38832	21.5	24.	5.	
38833	22.	24.	5.	
38834	22.5	24.	5.	
38835	23.	24.	5.	
38836	23.5	24.	5.	
38837	24.	24.	5.	
38838	24.5	24.	5.	
38839	25.	24.	5.	
38840	25.5	24.	5.	
38841	26.	24.	5.	
38842	26.5	24.	5.	
38843	27.	24.	5.	
38844	27.5	24.	5.	
38845	28.	24.	5.	
38846	28.5	24.	5.	
38847	29.	24.	5.	
38848	29.5	24.	5.	
38849	30.	24.	5.	
38850	30.5	24.	5.	
38851	31.	24.	5.	
38852	31.5	24.	5.	
38853	32.	24.	5.	
38854	32.5	24.	5.	
38855	33.	24.	5.	
38856	33.5	24.	5.	
38857	34.	24.	5.	
38858	34.5	24.	5.	
38859	35.	24.	5.	
38860	35.5	24.	5.	
38861	36.	24.	5.	
38862	36.5	24.	5.	
38863	37.	24.	5.	
38864	37.5	24.	5.	
38865	38.	24.	5.	
38866	38.5	24.	5.	
38867	39.	24.	5.	
38868	39.5	24.	5.	
38869	0.5	23.5	5.	
38870	1.	23.5	5.	
38871	1.5	23.5	5.	
38872	2.	23.5	5.	
38873	2.5	23.5	5.	
38874	3.	23.5	5.	
38875	3.5	23.5	5.	
38876	4.	23.5	5.	
38877	4.5	23.5	5.	
38878	5.	23.5	5.	
38879	5.5	23.5	5.	
38880	6.	23.5	5.	
38881	6.5	23.5	5.	
38882	7.	23.5	5.	
38883	7.5	23.5	5.	
38884	8.	23.5	5.	
38885	8.5	23.5	5.	
38886	9.	23.5	5.	
38887	9.5	23.5	5.	
38888	10.	23.5	5.	
38889	10.5	23.5	5.	
38890	11.	23.5	5.	
38891	11.5	23.5	5.	
38892	12.	23.5	5.	
38893	12.5	23.5	5.	
38894	13.	23.5	5.	
38895	13.5	23.5	5.	
38896	14.	23.5	5.	
38897	14.5	23.5	5.	
38898	15.	23.5	5.	
38899	15.5	23.5	5.	
38900	16.	23.5	5.	
38901	16.5	23.5	5.	
38902	17.	23.5	5.	
38903	17.5	23.5	5.	
38904	18.	23.5	5.	
38905	18.5	23.5	5.	
38906	19.	23.5	5.	
38907	19.5	23.5	5.	
38908	20.	23.5	5.	
38909	20.5	23.5	5.	
38910	21.	23.5	5.	
38911	21.5	23.5	5.	
38912	22.	23.5	5.	
38913	22.5	23.5	5.	
38914	23.	23.5	5.	
38915	23.5	23.5	5.	
38916	24.	23.5	5.	
38917	24.5	23.5	5.	
38918	25.	23.5	5.	
38919	25.5	23.5	5.	
38920	26.	23.5	5.	
38921	26.5	23.5	5.	
38922	27.	23.5	5.	
38923	27.5	23.5	5.	
38924	28.	23.5	5.	
38925	28.5	23.5	5.	
38926	29.	23.5	5.	
38927	29.5	23.5	5.	
38928	30.	23.5	5.	
38929	30.5	23.5	5.	
38930	31.	23.5	5.	
38931	31.5	23.5	5.	
38932	32.	23.5	5.	
38933	32.5	23.5	5.	
38934	33.	23.5	5.	
38935	33.5	23.5	5.	
38936	34.	23.5	5.	
38937	34.5	23.5	5.	
38938	35.	23.5	5.	
38939	35.5	23.5	5.	
38940	36.	23.5	5.	
38941	36.5	23.5	5.	
38942	37.	23.5	5.	
38943	37.5	23.5	5.	
38944	38.	23.5	5.	
38945	38.5	23.5	5.	
38946	39.	23.5	5.	
38947	39.5	23.5	5.	
38948	0.5	23.	5.	
38949	1.	23.	5.	
38950	1.5	23.	5.	
38951	2.	23.	5.	
38952	2.5	23.	5.	
38953	3.	23.	5.	
38954	3.5	23.	5.	
38955	4.	23.	5.	
38956	4.5	23.	5.	
38957	5.	23.	5.	
38958	5.5	23.	5.	
38959	6.	23.	5.	
38960	6.5	23.	5.	
38961	7.	23.	5.	
38962	7.5	23.	5.	
38963	8.	23.	5.	
38964	8.5	23.	5.	
38965	9.	23.	5.	
38966	9.5	23.	5.	
38967	10.	23.	5.	
38968	10.5	23.	5.	
38969	11.	23.	5.	
38970	11.5	23.	5.	
38971	12.	23.	5.	
38972	12.5	23.	5.	
38973	13.	23.	5.	
38974	13.5	23.	5.	
38975	14.	23.	5.	
38976	14.5	23.	5.	
38977	15.	23.	5.	
38978	15.5	23.	5.	
38979	16.	23.	5.	
38980	16.5	23.	5.	
38981	17.	23.	5.	
38982	17.5	23.	5.	
38983	18.	23.	5.	
38984	18.5	23.	5.	
38985	19.	23.	5.	
38986	19.5	23.	5.	
38987	20.	23.	5.	
38988	20.5	23.	5.	
38989	21.	23.	5.	
38990	21.5	23.	5.	
38991	22.	23.	5.	
38992	22.5	23.	5.	
38993	23.	23.	5.	
38994	23.5	23.	5.	
38995	24.	23.	5.	
38996	24.5	23.	5.	
38997	25.	23.	5.	
38998	25.5	23.	5.	
38999	26.	23.	5.	
39000	26.5	23.	5.	
39001	27.	23.	5.	
39002	27.5	23.	5.	
39003	28.	23.	5.	
39004	28.5	23.	5.	
39005	29.	23.	5.	
39006	29.5	23.	5.	
39007	30.	23.	5.	
39008	30.5	23.	5.	
39009	31.	23.	5.	
39010	31.5	23.	5.	
39011	32.	23.	5.	
39012	32.5	23.	5.	
39013	33.	23.	5.	
39014	33.5	23.	5.	
39015	34.	23.	5.	
39016	34.5	23.	5.	
39017	35.	23.	5.	
39018	35.5	23.	5.	
39019	36.	23.	5.	
39020	36.5	23.	5.	
39021	37.	23.	5.	
39022	37.5	23.	5.	
39023	38.	23.	5.	
39024	38.5	23.	5.	
39025	39.	23.	5.	
39026	39.5	23.	5.	
39027	0.5	22.5	5.	
39028	1.	22.5	5.	
39029	1.5	22.5	5.	
39030	2.	22.5	5.	
39031	2.5	22.5	5.	
39032	3.	22.5	5.	
39033	3.5	22.5	5.	
39034	4.	22.5	5.	
39035	4.5	22.5	5.	
39036	5.	22.5	5.	
39037	5.5	22.5	5.	
39038	6.	22.5	5.	
39039	6.5	22.5	5.	
39040	7.	22.5	5.	
39041	7.5	22.5	5.	
39042	8.	22.5	5.	
39043	8.5	22.5	5.	
39044	9.	22.5	5.	
39045	9.5	22.5	5.	
39046	10.	22.5	5.	
39047	10.5	22.5	5.	
39048	11.	22.5	5.	
39049	11.5	22.5	5.	
39050	12.	22.5	5.	
39051	12.5	22.5	5.	
39052	13.	22.5	5.	
39053	13.5	22.5	5.	
39054	14.	22.5	5.	
39055	14.5	22.5	5.	
39056	15.	22.5	5.	
39057	15.5	22.5	5.	
39058	16.	22.5	5.	
39059	16.5	22.5	5.	
39060	17.	22.5	5.	
39061	17.5	22.5	5.	
39062	18.	22.5	5.	
39063	18.5	22.5	5.	
39064	19.	22.5	5.	
39065	19.5	22.5	5.	
39066	20.	22.5	5.	
39067	20.5	22.5	5.	
39068	21.	22.5	5.	
39069	21.5	22.5	5.	
39070	22.	22.5	5.	
39071	22.5	22.5	5.	
39072	23.	22.5	5.	
39073	23.5	22.5	5.	
39074	24.	22.5	5.	
39075	24.5	22.5	5.	
39076	25.	22.5	5.	
39077	25.5	22.5	5.	
39078	26.	22.5	5.	
39079	26.5	22.5	5.	
39080	27.	22.5	5.	
39081	27.5	22.5	5.	
39082	28.	22.5	5.	
39083	28.5	22.5	5.	
39084	29.	22.5	5.	
39085	29.5	22.5	5.	
39086	30.	22.5	5.	
39087	30.5	22.5	5.	
39088	31.	22.5	5.	
39089	31.5	22.5	5.	
39090	32.	22.5	5.	
39091	32.5	22.5	5.	
39092	33.	22.5	5.	
39093	33.5	22.5	5.	
39094	34.	22.5	5.	
39095	34.5	22.5	5.	
39096	35.	22.5	5.	
39097	35.5	22.5	5.	
39098	36.	22.5	5.	
39099	36.5	22.5	5.	
39100	37.	22.5	5.	
39101	37.5	22.5	5.	
39102	38.	22.5	5.	
39103	38.5	22.5	5.	
39104	39.	22.5	5.	
39105	39.5	22.5	5.	
39106	0.5	22.	5.	
39107	1.	22.	5.	
39108	1.5	22.	5.	
39109	2.	22.	5.	
39110	2.5	22.	5.	
39111	3.	22.	5.	
39112	3.5	22.	5.	
39113	4.	22.	5.	
39114	4.5	22.	5.	
39115	5.	22.	5.	
39116	5.5	22.	5.	
39117	6.	22.	5.	
39118	6.5	22.	5.	
39119	7.	22.	5.	
39120	7.5	22.	5.	
39121	8.	22.	5.	
39122	8.5	22.	5.	
39123	9.	22.	5.	
39124	9.5	22.	5.	
39125	10.	22.	5.	
39126	10.5	22.	5.	
39127	11.	22.	5.	
39128	11.5	22.	5.	
39129	12.	22.	5.	
39130	12.5	22.	5.	
39131	13.	22.	5.	
39132	13.5	22.	5.	
39133	14.	22.	5.	
39134	14.5	22.	5.	
39135	15.	22.	5.	
39136	15.5	22.	5.	
39137	16.	22.	5.	
39138	16.5	22.	5.	
39139	17.	22.	5.	
39140	17.5	22.	5.	
39141	18.	22.	5.	
39142	18.5	22.	5.	
39143	19.	22.	5.	
39144	19.5	22.	5.	
39145	20.	22.	5.	
39146	20.5	22.	5.	
39147	21.	22.	5.	
39148	21.5	22.	5.	
39149	22.	22.	5.	
39150	22.5	22.	5.	
39151	23.	22.	5.	
39152	23.5	22.	5.	
39153	24.	22.	5.	
39154	24.5	22.	5.	
39155	25.	22.	5.	
39156	25.5	22.	5.	
39157	26.	22.	5.	
39158	26.5	22.	5.	
39159	27.	22.	5.	
39160	27.5	22.	5.	
39161	28.	22.	5.	
39162	28.5	22.	5.	
39163	29.	22.	5.	
39164	29.5	22.	5.	
39165	30.	22.	5.	
39166	30.5	22.	5.	
39167	31.	22.	5.	
39168	31.5	22.	5.	
39169	32.	22.	5.	
39170	32.5	22.	5.	
39171	33.	22.	5.	
39172	33.5	22.	5.	
39173	34.	22.	5.	
39174	34.5	22.	5.	
39175	35.	22.	5.	
39176	35.5	22.	5.	
39177	36.	22.	5.	
39178	36.5	22.	5.	
39179	37.	22.	5.	
39180	37.5	22.	5.	
39181	38.	22.	5.	
39182	38.5	22.	5.	
39183	39.	22.	5.	
39184	39.5	22.	5.	
39185	0.5	21.5	5.	
39186	1.	21.5	5.	
39187	1.5	21.5	5.	
39188	2.	21.5	5.	
39189	2.5	21.5	5.	
39190	3.	21.5	5.	
39191	3.5	21.5	5.	
39192	4.	21.5	5.	
39193	4.5	21.5	5.	
39194	5.	21.5	5.	
39195	5.5	21.5	5.	
39196	6.	21.5	5.	
39197	6.5	21.5	5.	
39198	7.	21.5	5.	
39199	7.5	21.5	5.	
39200	8.	21.5	5.	
39201	8.5	21.5	5.	
39202	9.	21.5	5.	
39203	9.5	21.5	5.	
39204	10.	21.5	5.	
39205	10.5	21.5	5.	
39206	11.	21.5	5.	
39207	11.5	21.5	5.	
39208	12.	21.5	5.	
39209	12.5	21.5	5.	
39210	13.	21.5	5.	
39211	13.5	21.5	5.	
39212	14.	21.5	5.	
39213	14.5	21.5	5.	
39214	15.	21.5	5.	
39215	15.5	21.5	5.	
39216	16.	21.5	5.	
39217	16.5	21.5	5.	
39218	17.	21.5	5.	
39219	17.5	21.5	5.	
39220	18.	21.5	5.	
39221	18.5	21.5	5.	
39222	19.	21.5	5.	
39223	19.5	21.5	5.	
39224	20.	21.5	5.	
39225	20.5	21.5	5.	
39226	21.	21.5	5.	
39227	21.5	21.5	5.	
39228	22.	21.5	5.	
39229	22.5	21.5	5.	
39230	23.	21.5	5.	
39231	23.5	21.5	5.	
39232	24.	21.5	5.	
39233	24.5	21.5	5.	
39234	25.	21.5	5.	
39235	25.5	21.5	5.	
39236	26.	21.5	5.	
39237	26.5	21.5	5.	
39238	27.	21.5	5.	
39239	27.5	21.5	5.	
39240	28.	21.5	5.	
39241	28.5	21.5	5.	
39242	29.	21.5	5.	
39243	29.5	21.5	5.	
39244	30.	21.5	5.	
39245	30.5	21.5	5.	
39246	31.	21.5	5.	
39247	31.5	21.5	5.	
39248	32.	21.5	5.	
39249	32.5	21.5	5.	
39250	33.	21.5	5.	
39251	33.5	21.5	5.	
39252	34.	21.5	5.	
39253	34.5	21.5	5.	
39254	35.	21.5	5.	
39255	35.5	21.5	5.	
39256	36.	21.5	5.	
39257	36.5	21.5	5.	
39258	37.	21.5	5.	
39259	37.5	21.5	5.	
39260	38.	21.5	5.	
39261	38.5	21.5	5.	
39262	39.	21.5	5.	
39263	39.5	21.5	5.	
39264	0.5	21.	5.	
39265	1.	21.	5.	
39266	1.5	21.	5.	
39267	2.	21.	5.	
39268	2.5	21.	5.	
39269	3.	21.	5.	
39270	3.5	21.	5.	
39271	4.	21.	5.	
39272	4.5	21.	5.	
39273	5.	21.	5.	
39274	5.5	21.	5.	
39275	6.	21.	5.	
39276	6.5	21.	5.	
39277	7.	21.	5.	
39278	7.5	21.	5.	
39279	8.	21.	5.	
39280	8.5	21.	5.	
39281	9.	21.	5.	
39282	9.5	21.	5.	
39283	10.	21.	5.	
39284	10.5	21.	5.	
39285	11.	21.	5.	
39286	11.5	21.	5.	
39287	12.	21.	5.	
39288	12.5	21.	5.	
39289	13.	21.	5.	
39290	13.5	21.	5.	
39291	14.	21.	5.	
39292	14.5	21.	5.	
39293	15.	21.	5.	
39294	15.5	21.	5.	
39295	16.	21.	5.	
39296	16.5	21.	5.	
39297	17.	21.	5.	
39298	17.5	21.	5.	
39299	18.	21.	5.	
39300	18.5	21.	5.	
39301	19.	21.	5.	
39302	19.5	21.	5.	
39303	20.	21.	5.	
39304	20.5	21.	5.	
39305	21.	21.	5.	
39306	21.5	21.	5.	
39307	22.	21.	5.	
39308	22.5	21.	5.	
39309	23.	21.	5.	
39310	23.5	21.	5.	
39311	24.	21.	5.	
39312	24.5	21.	5.	
39313	25.	21.	5.	
39314	25.5	21.	5.	
39315	26.	21.	5.	
39316	26.5	21.	5.	
39317	27.	21.	5.	
39318	27.5	21.	5.	
39319	28.	21.	5.	
39320	28.5	21.	5.	
39321	29.	21.	5.	
39322	29.5	21.	5.	
39323	30.	21.	5.	
39324	30.5	21.	5.	
39325	31.	21.	5.	
39326	31.5	21.	5.	
39327	32.	21.	5.	
39328	32.5	21.	5.	
39329	33.	21.	5.	
39330	33.5	21.	5.	
39331	34.	21.	5.	
39332	34.5	21.	5.	
39333	35.	21.	5.	
39334	35.5	21.	5.	
39335	36.	21.	5.	
39336	36.5	21.	5.	
39337	37.	21.	5.	
39338	37.5	21.	5.	
39339	38.	21.	5.	
39340	38.5	21.	5.	
39341	39.	21.	5.	
39342	39.5	21.	5.	
39343	0.5	20.5	5.	
39344	1.	20.5	5.	
39345	1.5	20.5	5.	
39346	2.	20.5	5.	
39347	2.5	20.5	5.	
39348	3.	20.5	5.	
39349	3.5	20.5	5.	
39350	4.	20.5	5.	
39351	4.5	20.5	5.	
39352	5.	20.5	5.	
39353	5.5	20.5	5.	
39354	6.	20.5	5.	
39355	6.5	20.5	5.	
39356	7.	20.5	5.	
39357	7.5	20.5	5.	
39358	8.	20.5	5.	
39359	8.5	20.5	5.	
39360	9.	20.5	5.	
39361	9.5	20.5	5.	
39362	10.	20.5	5.	
39363	10.5	20.5	5.	
39364	11.	20.5	5.	
39365	11.5	20.5	5.	
39366	12.	20.5	5.	
39367	12.5	20.5	5.	
39368	13.	20.5	5.	
39369	13.5	20.5	5.	
39370	14.	20.5	5.	
39371	14.5	20.5	5.	
39372	15.	20.5	5.	
39373	15.5	20.5	5.	
39374	16.	20.5	5.	
39375	16.5	20.5	5.	
39376	17.	20.5	5.	
39377	17.5	20.5	5.	
39378	18.	20.5	5.	
39379	18.5	20.5	5.	
39380	19.	20.5	5.	
39381	19.5	20.5	5.	
39382	20.	20.5	5.	
39383	20.5	20.5	5.	
39384	21.	20.5	5.	
39385	21.5	20.5	5.	
39386	22.	20.5	5.	
39387	22.5	20.5	5.	
39388	23.	20.5	5.	
39389	23.5	20.5	5.	
39390	24.	20.5	5.	
39391	24.5	20.5	5.	
39392	25.	20.5	5.	
39393	25.5	20.5	5.	
39394	26.	20.5	5.	
39395	26.5	20.5	5.	
39396	27.	20.5	5.	
39397	27.5	20.5	5.	
39398	28.	20.5	5.	
39399	28.5	20.5	5.	
39400	29.	20.5	5.	
39401	29.5	20.5	5.	
39402	30.	20.5	5.	
39403	30.5	20.5	5.	
39404	31.	20.5	5.	
39405	31.5	20.5	5.	
39406	32.	20.5	5.	
39407	32.5	20.5	5.	
39408	33.	20.5	5.	
39409	33.5	20.5	5.	
39410	34.	20.5	5.	
39411	34.5	20.5	5.	
39412	35.	20.5	5.	
39413	35.5	20.5	5.	
39414	36.	20.5	5.	
39415	36.5	20.5	5.	
39416	37.	20.5	5.	
39417	37.5	20.5	5.	
39418	38.	20.5	5.	
39419	38.5	20.5	5.	
39420	39.	20.5	5.	
39421	39.5	20.5	5.	
39422	0.5	20.	5.	
39423	1.	20.	5.	
39424	1.5	20.	5.	
39425	2.	20.	5.	
39426	2.5	20.	5.	
39427	3.	20.	5.	
39428	3.5	20.	5.	
39429	4.	20.	5.	
39430	4.5	20.	5.	
39431	5.	20.	5.	
39432	5.5	20.	5.	
39433	6.	20.	5.	
39434	6.5	20.	5.	
39435	7.	20.	5.	
39436	7.5	20.	5.	
39437	8.	20.	5.	
39438	8.5	20.	5.	
39439	9.	20.	5.	
39440	9.5	20.	5.	
39441	10.	20.	5.	
39442	10.5	20.	5.	
39443	11.	20.	5.	
39444	11.5	20.	5.	
39445	12.	20.	5.	
39446	12.5	20.	5.	
39447	13.	20.	5.	
39448	13.5	20.	5.	
39449	14.	20.	5.	
39450	14.5	20.	5.	
39451	15.	20.	5.	
39452	15.5	20.	5.	
39453	16.	20.	5.	
39454	16.5	20.	5.	
39455	17.	20.	5.	
39456	17.5	20.	5.	
39457	18.	20.	5.	
39458	18.5	20.	5.	
39459	19.	20.	5.	
39460	19.5	20.	5.	
39461	20.	20.	5.	
39462	20.5	20.	5.	
39463	21.	20.	5.	
39464	21.5	20.	5.	
39465	22.	20.	5.	
39466	22.5	20.	5.	
39467	23.	20.	5.	
39468	23.5	20.	5.	
39469	24.	20.	5.	
39470	24.5	20.	5.	
39471	25.	20.	5.	
39472	25.5	20.	5.	
39473	26.	20.	5.	
39474	26.5	20.	5.	
39475	27.	20.	5.	
39476	27.5	20.	5.	
39477	28.	20.	5.	
39478	28.5	20.	5.	
39479	29.	20.	5.	
39480	29.5	20.	5.	
39481	30.	20.	5.	
39482	30.5	20.	5.	
39483	31.	20.	5.	
39484	31.5	20.	5.	
39485	32.	20.	5.	
39486	32.5	20.	5.	
39487	33.	20.	5.	
39488	33.5	20.	5.	
39489	34.	20.	5.	
39490	34.5	20.	5.	
39491	35.	20.	5.	
39492	35.5	20.	5.	
39493	36.	20.	5.	
39494	36.5	20.	5.	
39495	37.	20.	5.	
39496	37.5	20.	5.	
39497	38.	20.	5.	
39498	38.5	20.	5.	
39499	39.	20.	5.	
39500	39.5	20.	5.	
39501	0.5	19.5	5.	
39502	1.	19.5	5.	
39503	1.5	19.5	5.	
39504	2.	19.5	5.	
39505	2.5	19.5	5.	
39506	3.	19.5	5.	
39507	3.5	19.5	5.	
39508	4.	19.5	5.	
39509	4.5	19.5	5.	
39510	5.	19.5	5.	
39511	5.5	19.5	5.	
39512	6.	19.5	5.	
39513	6.5	19.5	5.	
39514	7.	19.5	5.	
39515	7.5	19.5	5.	
39516	8.	19.5	5.	
39517	8.5	19.5	5.	
39518	9.	19.5	5.	
39519	9.5	19.5	5.	
39520	10.	19.5	5.	
39521	10.5	19.5	5.	
39522	11.	19.5	5.	
39523	11.5	19.5	5.	
39524	12.	19.5	5.	
39525	12.5	19.5	5.	
39526	13.	19.5	5.	
39527	13.5	19.5	5.	
39528	14.	19.5	5.	
39529	14.5	19.5	5.	
39530	15.	19.5	5.	
39531	15.5	19.5	5.	
39532	16.	19.5	5.	
39533	16.5	19.5	5.	
39534	17.	19.5	5.	
39535	17.5	19.5	5.	
39536	18.	19.5	5.	
39537	18.5	19.5	5.	
39538	19.	19.5	5.	
39539	19.5	19.5	5.	
39540	20.	19.5	5.	
39541	20.5	19.5	5.	
39542	21.	19.5	5.	
39543	21.5	19.5	5.	
39544	22.	19.5	5.	
39545	22.5	19.5	5.	
39546	23.	19.5	5.	
39547	23.5	19.5	5.	
39548	24.	19.5	5.	
39549	24.5	19.5	5.	
39550	25.	19.5	5.	
39551	25.5	19.5	5.	
39552	26.	19.5	5.	
39553	26.5	19.5	5.	
39554	27.	19.5	5.	
39555	27.5	19.5	5.	
39556	28.	19.5	5.	
39557	28.5	19.5	5.	
39558	29.	19.5	5.	
39559	29.5	19.5	5.	
39560	30.	19.5	5.	
39561	30.5	19.5	5.	
39562	31.	19.5	5.	
39563	31.5	19.5	5.	
39564	32.	19.5	5.	
39565	32.5	19.5	5.	
39566	33.	19.5	5.	
39567	33.5	19.5	5.	
39568	34.	19.5	5.	
39569	34.5	19.5	5.	
39570	35.	19.5	5.	
39571	35.5	19.5	5.	
39572	36.	19.5	5.	
39573	36.5	19.5	5.	
39574	37.	19.5	5.	
39575	37.5	19.5	5.	
39576	38.	19.5	5.	
39577	38.5	19.5	5.	
39578	39.	19.5	5.	
39579	39.5	19.5	5.	
39580	0.5	19.	5.	
39581	1.	19.	5.	
39582	1.5	19.	5.	
39583	2.	19.	5.	
39584	2.5	19.	5.	
39585	3.	19.	5.	
39586	3.5	19.	5.	
39587	4.	19.	5.	
39588	4.5	19.	5.	
39589	5.	19.	5.	
39590	5.5	19.	5.	
39591	6.	19.	5.	
39592	6.5	19.	5.	
39593	7.	19.	5.	
39594	7.5	19.	5.	
39595	8.	19.	5.	
39596	8.5	19.	5.	
39597	9.	19.	5.	
39598	9.5	19.	5.	
39599	10.	19.	5.	
39600	10.5	19.	5.	
39601	11.	19.	5.	
39602	11.5	19.	5.	
39603	12.	19.	5.	
39604	12.5	19.	5.	
39605	13.	19.	5.	
39606	13.5	19.	5.	
39607	14.	19.	5.	
39608	14.5	19.	5.	
39609	15.	19.	5.	
39610	15.5	19.	5.	
39611	16.	19.	5.	
39612	16.5	19.	5.	
39613	17.	19.	5.	
39614	17.5	19.	5.	
39615	18.	19.	5.	
39616	18.5	19.	5.	
39617	19.	19.	5.	
39618	19.5	19.	5.	
39619	20.	19.	5.	
39620	20.5	19.	5.	
39621	21.	19.	5.	
39622	21.5	19.	5.	
39623	22.	19.	5.	
39624	22.5	19.	5.	
39625	23.	19.	5.	
39626	23.5	19.	5.	
39627	24.	19.	5.	
39628	24.5	19.	5.	
39629	25.	19.	5.	
39630	25.5	19.	5.	
39631	26.	19.	5.	
39632	26.5	19.	5.	
39633	27.	19.	5.	
39634	27.5	19.	5.	
39635	28.	19.	5.	
39636	28.5	19.	5.	
39637	29.	19.	5.	
39638	29.5	19.	5.	
39639	30.	19.	5.	
39640	30.5	19.	5.	
39641	31.	19.	5.	
39642	31.5	19.	5.	
39643	32.	19.	5.	
39644	32.5	19.	5.	
39645	33.	19.	5.	
39646	33.5	19.	5.	
39647	34.	19.	5.	
39648	34.5	19.	5.	
39649	35.	19.	5.	
39650	35.5	19.	5.	
39651	36.	19.	5.	
39652	36.5	19.	5.	
39653	37.	19.	5.	
39654	37.5	19.	5.	
39655	38.	19.	5.	
39656	38.5	19.	5.	
39657	39.	19.	5.	
39658	39.5	19.	5.	
39659	0.5	18.5	5.	
39660	1.	18.5	5.	
39661	1.5	18.5	5.	
39662	2.	18.5	5.	
39663	2.5	18.5	5.	
39664	3.	18.5	5.	
39665	3.5	18.5	5.	
39666	4.	18.5	5.	
39667	4.5	18.5	5.	
39668	5.	18.5	5.	
39669	5.5	18.5	5.	
39670	6.	18.5	5.	
39671	6.5	18.5	5.	
39672	7.	18.5	5.	
39673	7.5	18.5	5.	
39674	8.	18.5	5.	
39675	8.5	18.5	5.	
39676	9.	18.5	5.	
39677	9.5	18.5	5.	
39678	10.	18.5	5.	
39679	10.5	18.5	5.	
39680	11.	18.5	5.	
39681	11.5	18.5	5.	
39682	12.	18.5	5.	
39683	12.5	18.5	5.	
39684	13.	18.5	5.	
39685	13.5	18.5	5.	
39686	14.	18.5	5.	
39687	14.5	18.5	5.	
39688	15.	18.5	5.	
39689	15.5	18.5	5.	
39690	16.	18.5	5.	
39691	16.5	18.5	5.	
39692	17.	18.5	5.	
39693	17.5	18.5	5.	
39694	18.	18.5	5.	
39695	18.5	18.5	5.	
39696	19.	18.5	5.	
39697	19.5	18.5	5.	
39698	20.	18.5	5.	
39699	20.5	18.5	5.	
39700	21.	18.5	5.	
39701	21.5	18.5	5.	
39702	22.	18.5	5.	
39703	22.5	18.5	5.	
39704	23.	18.5	5.	
39705	23.5	18.5	5.	
39706	24.	18.5	5.	
39707	24.5	18.5	5.	
39708	25.	18.5	5.	
39709	25.5	18.5	5.	
39710	26.	18.5	5.	
39711	26.5	18.5	5.	
39712	27.	18.5	5.	
39713	27.5	18.5	5.	
39714	28.	18.5	5.	
39715	28.5	18.5	5.	
39716	29.	18.5	5.	
39717	29.5	18.5	5.	
39718	30.	18.5	5.	
39719	30.5	18.5	5.	
39720	31.	18.5	5.	
39721	31.5	18.5	5.	
39722	32.	18.5	5.	
39723	32.5	18.5	5.	
39724	33.	18.5	5.	
39725	33.5	18.5	5.	
39726	34.	18.5	5.	
39727	34.5	18.5	5.	
39728	35.	18.5	5.	
39729	35.5	18.5	5.	
39730	36.	18.5	5.	
39731	36.5	18.5	5.	
39732	37.	18.5	5.	
39733	37.5	18.5	5.	
39734	38.	18.5	5.	
39735	38.5	18.5	5.	
39736	39.	18.5	5.	
39737	39.5	18.5	5.	
39738	0.5	18.	5.	
39739	1.	18.	5.	
39740	1.5	18.	5.	
39741	2.	18.	5.	
39742	2.5	18.	5.	
39743	3.	18.	5.	
39744	3.5	18.	5.	
39745	4.	18.	5.	
39746	4.5	18.	5.	
39747	5.	18.	5.	
39748	5.5	18.	5.	
39749	6.	18.	5.	
39750	6.5	18.	5.	
39751	7.	18.	5.	
39752	7.5	18.	5.	
39753	8.	18.	5.	
39754	8.5	18.	5.	
39755	9.	18.	5.	
39756	9.5	18.	5.	
39757	10.	18.	5.	
39758	10.5	18.	5.	
39759	11.	18.	5.	
39760	11.5	18.	5.	
39761	12.	18.	5.	
39762	12.5	18.	5.	
39763	13.	18.	5.	
39764	13.5	18.	5.	
39765	14.	18.	5.	
39766	14.5	18.	5.	
39767	15.	18.	5.	
39768	15.5	18.	5.	
39769	16.	18.	5.	
39770	16.5	18.	5.	
39771	17.	18.	5.	
39772	17.5	18.	5.	
39773	18.	18.	5.	
39774	18.5	18.	5.	
39775	19.	18.	5.	
39776	19.5	18.	5.	
39777	20.	18.	5.	
39778	20.5	18.	5.	
39779	21.	18.	5.	
39780	21.5	18.	5.	
39781	22.	18.	5.	
39782	22.5	18.	5.	
39783	23.	18.	5.	
39784	23.5	18.	5.	
39785	24.	18.	5.	
39786	24.5	18.	5.	
39787	25.	18.	5.	
39788	25.5	18.	5.	
39789	26.	18.	5.	
39790	26.5	18.	5.	
39791	27.	18.	5.	
39792	27.5	18.	5.	
39793	28.	18.	5.	
39794	28.5	18.	5.	
39795	29.	18.	5.	
39796	29.5	18.	5.	
39797	30.	18.	5.	
39798	30.5	18.	5.	
39799	31.	18.	5.	
39800	31.5	18.	5.	
39801	32.	18.	5.	
39802	32.5	18.	5.	
39803	33.	18.	5.	
39804	33.5	18.	5.	
39805	34.	18.	5.	
39806	34.5	18.	5.	
39807	35.	18.	5.	
39808	35.5	18.	5.	
39809	36.	18.	5.	
39810	36.5	18.	5.	
39811	37.	18.	5.	
39812	37.5	18.	5.	
39813	38.	18.	5.	
39814	38.5	18.	5.	
39815	39.	18.	5.	
39816	39.5	18.	5.	
39817	0.5	17.5	5.	
39818	1.	17.5	5.	
39819	1.5	17.5	5.	
39820	2.	17.5	5.	
39821	2.5	17.5	5.	
39822	3.	17.5	5.	
39823	3.5	17.5	5.	
39824	4.	17.5	5.	
39825	4.5	17.5	5.	
39826	5.	17.5	5.	
39827	5.5	17.5	5.	
39828	6.	17.5	5.	
39829	6.5	17.5	5.	
39830	7.	17.5	5.	
39831	7.5	17.5	5.	
39832	8.	17.5	5.	
39833	8.5	17.5	5.	
39834	9.	17.5	5.	
39835	9.5	17.5	5.	
39836	10.	17.5	5.	
39837	10.5	17.5	5.	
39838	11.	17.5	5.	
39839	11.5	17.5	5.	
39840	12.	17.5	5.	
39841	12.5	17.5	5.	
39842	13.	17.5	5.	
39843	13.5	17.5	5.	
39844	14.	17.5	5.	
39845	14.5	17.5	5.	
39846	15.	17.5	5.	
39847	15.5	17.5	5.	
39848	16.	17.5	5.	
39849	16.5	17.5	5.	
39850	17.	17.5	5.	
39851	17.5	17.5	5.	
39852	18.	17.5	5.	
39853	18.5	17.5	5.	
39854	19.	17.5	5.	
39855	19.5	17.5	5.	
39856	20.	17.5	5.	
39857	20.5	17.5	5.	
39858	21.	17.5	5.	
39859	21.5	17.5	5.	
39860	22.	17.5	5.	
39861	22.5	17.5	5.	
39862	23.	17.5	5.	
39863	23.5	17.5	5.	
39864	24.	17.5	5.	
39865	24.5	17.5	5.	
39866	25.	17.5	5.	
39867	25.5	17.5	5.	
39868	26.	17.5	5.	
39869	26.5	17.5	5.	
39870	27.	17.5	5.	
39871	27.5	17.5	5.	
39872	28.	17.5	5.	
39873	28.5	17.5	5.	
39874	29.	17.5	5.	
39875	29.5	17.5	5.	
39876	30.	17.5	5.	
39877	30.5	17.5	5.	
39878	31.	17.5	5.	
39879	31.5	17.5	5.	
39880	32.	17.5	5.	
39881	32.5	17.5	5.	
39882	33.	17.5	5.	
39883	33.5	17.5	5.	
39884	34.	17.5	5.	
39885	34.5	17.5	5.	
39886	35.	17.5	5.	
39887	35.5	17.5	5.	
39888	36.	17.5	5.	
39889	36.5	17.5	5.	
39890	37.	17.5	5.	
39891	37.5	17.5	5.	
39892	38.	17.5	5.	
39893	38.5	17.5	5.	
39894	39.	17.5	5.	
39895	39.5	17.5	5.	
39896	0.5	17.	5.	
39897	1.	17.	5.	
39898	1.5	17.	5.	
39899	2.	17.	5.	
39900	2.5	17.	5.	
39901	3.	17.	5.	
39902	3.5	17.	5.	
39903	4.	17.	5.	
39904	4.5	17.	5.	
39905	5.	17.	5.	
39906	5.5	17.	5.	
39907	6.	17.	5.	
39908	6.5	17.	5.	
39909	7.	17.	5.	
39910	7.5	17.	5.	
39911	8.	17.	5.	
39912	8.5	17.	5.	
39913	9.	17.	5.	
39914	9.5	17.	5.	
39915	10.	17.	5.	
39916	10.5	17.	5.	
39917	11.	17.	5.	
39918	11.5	17.	5.	
39919	12.	17.	5.	
39920	12.5	17.	5.	
39921	13.	17.	5.	
39922	13.5	17.	5.	
39923	14.	17.	5.	
39924	14.5	17.	5.	
39925	15.	17.	5.	
39926	15.5	17.	5.	
39927	16.	17.	5.	
39928	16.5	17.	5.	
39929	17.	17.	5.	
39930	17.5	17.	5.	
39931	18.	17.	5.	
39932	18.5	17.	5.	
39933	19.	17.	5.	
39934	19.5	17.	5.	
39935	20.	17.	5.	
39936	20.5	17.	5.	
39937	21.	17.	5.	
39938	21.5	17.	5.	
39939	22.	17.	5.	
39940	22.5	17.	5.	
39941	23.	17.	5.	
39942	23.5	17.	5.	
39943	24.	17.	5.	
39944	24.5	17.	5.	
39945	25.	17.	5.	
39946	25.5	17.	5.	
39947	26.	17.	5.	
39948	26.5	17.	5.	
39949	27.	17.	5.	
39950	27.5	17.	5.	
39951	28.	17.	5.	
39952	28.5	17.	5.	
39953	29.	17.	5.	
39954	29.5	17.	5.	
39955	30.	17.	5.	
39956	30.5	17.	5.	
39957	31.	17.	5.	
39958	31.5	17.	5.	
39959	32.	17.	5.	
39960	32.5	17.	5.	
39961	33.	17.	5.	
39962	33.5	17.	5.	
39963	34.	17.	5.	
39964	34.5	17.	5.	
39965	35.	17.	5.	
39966	35.5	17.	5.	
39967	36.	17.	5.	
39968	36.5	17.	5.	
39969	37.	17.	5.	
39970	37.5	17.	5.	
39971	38.	17.	5.	
39972	38.5	17.	5.	
39973	39.	17.	5.	
39974	39.5	17.	5.	
39975	0.5	16.5	5.	
39976	1.	16.5	5.	
39977	1.5	16.5	5.	
39978	2.	16.5	5.	
39979	2.5	16.5	5.	
39980	3.	16.5	5.	
39981	3.5	16.5	5.	
39982	4.	16.5	5.	
39983	4.5	16.5	5.	
39984	5.	16.5	5.	
39985	5.5	16.5	5.	
39986	6.	16.5	5.	
39987	6.5	16.5	5.	
39988	7.	16.5	5.	
39989	7.5	16.5	5.	
39990	8.	16.5	5.	
39991	8.5	16.5	5.	
39992	9.	16.5	5.	
39993	9.5	16.5	5.	
39994	10.	16.5	5.	
39995	10.5	16.5	5.	
39996	11.	16.5	5.	
39997	11.5	16.5	5.	
39998	12.	16.5	5.	
39999	12.5	16.5	5.	
40000	13.	16.5	5.	
40001	13.5	16.5	5.	
40002	14.	16.5	5.	
40003	14.5	16.5	5.	
40004	15.	16.5	5.	
40005	15.5	16.5	5.	
40006	16.	16.5	5.	
40007	16.5	16.5	5.	
40008	17.	16.5	5.	
40009	17.5	16.5	5.	
40010	18.	16.5	5.	
40011	18.5	16.5	5.	
40012	19.	16.5	5.	
40013	19.5	16.5	5.	
40014	20.	16.5	5.	
40015	20.5	16.5	5.	
40016	21.	16.5	5.	
40017	21.5	16.5	5.	
40018	22.	16.5	5.	
40019	22.5	16.5	5.	
40020	23.	16.5	5.	
40021	23.5	16.5	5.	
40022	24.	16.5	5.	
40023	24.5	16.5	5.	
40024	25.	16.5	5.	
40025	25.5	16.5	5.	
40026	26.	16.5	5.	
40027	26.5	16.5	5.	
40028	27.	16.5	5.	
40029	27.5	16.5	5.	
40030	28.	16.5	5.	
40031	28.5	16.5	5.	
40032	29.	16.5	5.	
40033	29.5	16.5	5.	
40034	30.	16.5	5.	
40035	30.5	16.5	5.	
40036	31.	16.5	5.	
40037	31.5	16.5	5.	
40038	32.	16.5	5.	
40039	32.5	16.5	5.	
40040	33.	16.5	5.	
40041	33.5	16.5	5.	
40042	34.	16.5	5.	
40043	34.5	16.5	5.	
40044	35.	16.5	5.	
40045	35.5	16.5	5.	
40046	36.	16.5	5.	
40047	36.5	16.5	5.	
40048	37.	16.5	5.	
40049	37.5	16.5	5.	
40050	38.	16.5	5.	
40051	38.5	16.5	5.	
40052	39.	16.5	5.	
40053	39.5	16.5	5.	
40054	0.5	16.	5.	
40055	1.	16.	5.	
40056	1.5	16.	5.	
40057	2.	16.	5.	
40058	2.5	16.	5.	
40059	3.	16.	5.	
40060	3.5	16.	5.	
40061	4.	16.	5.	
40062	4.5	16.	5.	
40063	5.	16.	5.	
40064	5.5	16.	5.	
40065	6.	16.	5.	
40066	6.5	16.	5.	
40067	7.	16.	5.	
40068	7.5	16.	5.	
40069	8.	16.	5.	
40070	8.5	16.	5.	
40071	9.	16.	5.	
40072	9.5	16.	5.	
40073	10.	16.	5.	
40074	10.5	16.	5.	
40075	11.	16.	5.	
40076	11.5	16.	5.	
40077	12.	16.	5.	
40078	12.5	16.	5.	
40079	13.	16.	5.	
40080	13.5	16.	5.	
40081	14.	16.	5.	
40082	14.5	16.	5.	
40083	15.	16.	5.	
40084	15.5	16.	5.	
40085	16.	16.	5.	
40086	16.5	16.	5.	
40087	17.	16.	5.	
40088	17.5	16.	5.	
40089	18.	16.	5.	
40090	18.5	16.	5.	
40091	19.	16.	5.	
40092	19.5	16.	5.	
40093	20.	16.	5.	
40094	20.5	16.	5.	
40095	21.	16.	5.	
40096	21.5	16.	5.	
40097	22.	16.	5.	
40098	22.5	16.	5.	
40099	23.	16.	5.	
40100	23.5	16.	5.	
40101	24.	16.	5.	
40102	24.5	16.	5.	
40103	25.	16.	5.	
40104	25.5	16.	5.	
40105	26.	16.	5.	
40106	26.5	16.	5.	
40107	27.	16.	5.	
40108	27.5	16.	5.	
40109	28.	16.	5.	
40110	28.5	16.	5.	
40111	29.	16.	5.	
40112	29.5	16.	5.	
40113	30.	16.	5.	
40114	30.5	16.	5.	
40115	31.	16.	5.	
40116	31.5	16.	5.	
40117	32.	16.	5.	
40118	32.5	16.	5.	
40119	33.	16.	5.	
40120	33.5	16.	5.	
40121	34.	16.	5.	
40122	34.5	16.	5.	
40123	35.	16.	5.	
40124	35.5	16.	5.	
40125	36.	16.	5.	
40126	36.5	16.	5.	
40127	37.	16.	5.	
40128	37.5	16.	5.	
40129	38.	16.	5.	
40130	38.5	16.	5.	
40131	39.	16.	5.	
40132	39.5	16.	5.	
40133	0.5	15.5	5.	
40134	1.	15.5	5.	
40135	1.5	15.5	5.	
40136	2.	15.5	5.	
40137	2.5	15.5	5.	
40138	3.	15.5	5.	
40139	3.5	15.5	5.	
40140	4.	15.5	5.	
40141	4.5	15.5	5.	
40142	5.	15.5	5.	
40143	5.5	15.5	5.	
40144	6.	15.5	5.	
40145	6.5	15.5	5.	
40146	7.	15.5	5.	
40147	7.5	15.5	5.	
40148	8.	15.5	5.	
40149	8.5	15.5	5.	
40150	9.	15.5	5.	
40151	9.5	15.5	5.	
40152	10.	15.5	5.	
40153	10.5	15.5	5.	
40154	11.	15.5	5.	
40155	11.5	15.5	5.	
40156	12.	15.5	5.	
40157	12.5	15.5	5.	
40158	13.	15.5	5.	
40159	13.5	15.5	5.	
40160	14.	15.5	5.	
40161	14.5	15.5	5.	
40162	15.	15.5	5.	
40163	15.5	15.5	5.	
40164	16.	15.5	5.	
40165	16.5	15.5	5.	
40166	17.	15.5	5.	
40167	17.5	15.5	5.	
40168	18.	15.5	5.	
40169	18.5	15.5	5.	
40170	19.	15.5	5.	
40171	19.5	15.5	5.	
40172	20.	15.5	5.	
40173	20.5	15.5	5.	
40174	21.	15.5	5.	
40175	21.5	15.5	5.	
40176	22.	15.5	5.	
40177	22.5	15.5	5.	
40178	23.	15.5	5.	
40179	23.5	15.5	5.	
40180	24.	15.5	5.	
40181	24.5	15.5	5.	
40182	25.	15.5	5.	
40183	25.5	15.5	5.	
40184	26.	15.5	5.	
40185	26.5	15.5	5.	
40186	27.	15.5	5.	
40187	27.5	15.5	5.	
40188	28.	15.5	5.	
40189	28.5	15.5	5.	
40190	29.	15.5	5.	
40191	29.5	15.5	5.	
40192	30.	15.5	5.	
40193	30.5	15.5	5.	
40194	31.	15.5	5.	
40195	31.5	15.5	5.	
40196	32.	15.5	5.	
40197	32.5	15.5	5.	
40198	33.	15.5	5.	
40199	33.5	15.5	5.	
40200	34.	15.5	5.	
40201	34.5	15.5	5.	
40202	35.	15.5	5.	
40203	35.5	15.5	5.	
40204	36.	15.5	5.	
40205	36.5	15.5	5.	
40206	37.	15.5	5.	
40207	37.5	15.5	5.	
40208	38.	15.5	5.	
40209	38.5	15.5	5.	
40210	39.	15.5	5.	
40211	39.5	15.5	5.	
40212	0.5	15.	5.	
40213	1.	15.	5.	
40214	1.5	15.	5.	
40215	2.	15.	5.	
40216	2.5	15.	5.	
40217	3.	15.	5.	
40218	3.5	15.	5.	
40219	4.	15.	5.	
40220	4.5	15.	5.	
40221	5.	15.	5.	
40222	5.5	15.	5.	
40223	6.	15.	5.	
40224	6.5	15.	5.	
40225	7.	15.	5.	
40226	7.5	15.	5.	
40227	8.	15.	5.	
40228	8.5	15.	5.	
40229	9.	15.	5.	
40230	9.5	15.	5.	
40231	10.	15.	5.	
40232	10.5	15.	5.	
40233	11.	15.	5.	
40234	11.5	15.	5.	
40235	12.	15.	5.	
40236	12.5	15.	5.	
40237	13.	15.	5.	
40238	13.5	15.	5.	
40239	14.	15.	5.	
40240	14.5	15.	5.	
40241	15.	15.	5.	
40242	15.5	15.	5.	
40243	16.	15.	5.	
40244	16.5	15.	5.	
40245	17.	15.	5.	
40246	17.5	15.	5.	
40247	18.	15.	5.	
40248	18.5	15.	5.	
40249	19.	15.	5.	
40250	19.5	15.	5.	
40251	20.	15.	5.	
40252	20.5	15.	5.	
40253	21.	15.	5.	
40254	21.5	15.	5.	
40255	22.	15.	5.	
40256	22.5	15.	5.	
40257	23.	15.	5.	
40258	23.5	15.	5.	
40259	24.	15.	5.	
40260	24.5	15.	5.	
40261	25.	15.	5.	
40262	25.5	15.	5.	
40263	26.	15.	5.	
40264	26.5	15.	5.	
40265	27.	15.	5.	
40266	27.5	15.	5.	
40267	28.	15.	5.	
40268	28.5	15.	5.	
40269	29.	15.	5.	
40270	29.5	15.	5.	
40271	30.	15.	5.	
40272	30.5	15.	5.	
40273	31.	15.	5.	
40274	31.5	15.	5.	
40275	32.	15.	5.	
40276	32.5	15.	5.	
40277	33.	15.	5.	
40278	33.5	15.	5.	
40279	34.	15.	5.	
40280	34.5	15.	5.	
40281	35.	15.	5.	
40282	35.5	15.	5.	
40283	36.	15.	5.	
40284	36.5	15.	5.	
40285	37.	15.	5.	
40286	37.5	15.	5.	
40287	38.	15.	5.	
40288	38.5	15.	5.	
40289	39.	15.	5.	
40290	39.5	15.	5.	
40291	0.5	14.5	5.	
40292	1.	14.5	5.	
40293	1.5	14.5	5.	
40294	2.	14.5	5.	
40295	2.5	14.5	5.	
40296	3.	14.5	5.	
40297	3.5	14.5	5.	
40298	4.	14.5	5.	
40299	4.5	14.5	5.	
40300	5.	14.5	5.	
40301	5.5	14.5	5.	
40302	6.	14.5	5.	
40303	6.5	14.5	5.	
40304	7.	14.5	5.	
40305	7.5	14.5	5.	
40306	8.	14.5	5.	
40307	8.5	14.5	5.	
40308	9.	14.5	5.	
40309	9.5	14.5	5.	
40310	10.	14.5	5.	
40311	10.5	14.5	5.	
40312	11.	14.5	5.	
40313	11.5	14.5	5.	
40314	12.	14.5	5.	
40315	12.5	14.5	5.	
40316	13.	14.5	5.	
40317	13.5	14.5	5.	
40318	14.	14.5	5.	
40319	14.5	14.5	5.	
40320	15.	14.5	5.	
40321	15.5	14.5	5.	
40322	16.	14.5	5.	
40323	16.5	14.5	5.	
40324	17.	14.5	5.	
40325	17.5	14.5	5.	
40326	18.	14.5	5.	
40327	18.5	14.5	5.	
40328	19.	14.5	5.	
40329	19.5	14.5	5.	
40330	20.	14.5	5.	
40331	20.5	14.5	5.	
40332	21.	14.5	5.	
40333	21.5	14.5	5.	
40334	22.	14.5	5.	
40335	22.5	14.5	5.	
40336	23.	14.5	5.	
40337	23.5	14.5	5.	
40338	24.	14.5	5.	
40339	24.5	14.5	5.	
40340	25.	14.5	5.	
40341	25.5	14.5	5.	
40342	26.	14.5	5.	
40343	26.5	14.5	5.	
40344	27.	14.5	5.	
40345	27.5	14.5	5.	
40346	28.	14.5	5.	
40347	28.5	14.5	5.	
40348	29.	14.5	5.	
40349	29.5	14.5	5.	
40350	30.	14.5	5.	
40351	30.5	14.5	5.	
40352	31.	14.5	5.	
40353	31.5	14.5	5.	
40354	32.	14.5	5.	
40355	32.5	14.5	5.	
40356	33.	14.5	5.	
40357	33.5	14.5	5.	
40358	34.	14.5	5.	
40359	34.5	14.5	5.	
40360	35.	14.5	5.	
40361	35.5	14.5	5.	
40362	36.	14.5	5.	
40363	36.5	14.5	5.	
40364	37.	14.5	5.	
40365	37.5	14.5	5.	
40366	38.	14.5	5.	
40367	38.5	14.5	5.	
40368	39.	14.5	5.	
40369	39.5	14.5	5.	
40370	0.5	14.	5.	
40371	1.	14.	5.	
40372	1.5	14.	5.	
40373	2.	14.	5.	
40374	2.5	14.	5.	
40375	3.	14.	5.	
40376	3.5	14.	5.	
40377	4.	14.	5.	
40378	4.5	14.	5.	
40379	5.	14.	5.	
40380	5.5	14.	5.	
40381	6.	14.	5.	
40382	6.5	14.	5.	
40383	7.	14.	5.	
40384	7.5	14.	5.	
40385	8.	14.	5.	
40386	8.5	14.	5.	
40387	9.	14.	5.	
40388	9.5	14.	5.	
40389	10.	14.	5.	
40390	10.5	14.	5.	
40391	11.	14.	5.	
40392	11.5	14.	5.	
40393	12.	14.	5.	
40394	12.5	14.	5.	
40395	13.	14.	5.	
40396	13.5	14.	5.	
40397	14.	14.	5.	
40398	14.5	14.	5.	
40399	15.	14.	5.	
40400	15.5	14.	5.	
40401	16.	14.	5.	
40402	16.5	14.	5.	
40403	17.	14.	5.	
40404	17.5	14.	5.	
40405	18.	14.	5.	
40406	18.5	14.	5.	
40407	19.	14.	5.	
40408	19.5	14.	5.	
40409	20.	14.	5.	
40410	20.5	14.	5.	
40411	21.	14.	5.	
40412	21.5	14.	5.	
40413	22.	14.	5.	
40414	22.5	14.	5.	
40415	23.	14.	5.	
40416	23.5	14.	5.	
40417	24.	14.	5.	
40418	24.5	14.	5.	
40419	25.	14.	5.	
40420	25.5	14.	5.	
40421	26.	14.	5.	
40422	26.5	14.	5.	
40423	27.	14.	5.	
40424	27.5	14.	5.	
40425	28.	14.	5.	
40426	28.5	14.	5.	
40427	29.	14.	5.	
40428	29.5	14.	5.	
40429	30.	14.	5.	
40430	30.5	14.	5.	
40431	31.	14.	5.	
40432	31.5	14.	5.	
40433	32.	14.	5.	
40434	32.5	14.	5.	
40435	33.	14.	5.	
40436	33.5	14.	5.	
40437	34.	14.	5.	
40438	34.5	14.	5.	
40439	35.	14.	5.	
40440	35.5	14.	5.	
40441	36.	14.	5.	
40442	36.5	14.	5.	
40443	37.	14.	5.	
40444	37.5	14.	5.	
40445	38.	14.	5.	
40446	38.5	14.	5.	
40447	39.	14.	5.	
40448	39.5	14.	5.	
40449	0.5	13.5	5.	
40450	1.	13.5	5.	
40451	1.5	13.5	5.	
40452	2.	13.5	5.	
40453	2.5	13.5	5.	
40454	3.	13.5	5.	
40455	3.5	13.5	5.	
40456	4.	13.5	5.	
40457	4.5	13.5	5.	
40458	5.	13.5	5.	
40459	5.5	13.5	5.	
40460	6.	13.5	5.	
40461	6.5	13.5	5.	
40462	7.	13.5	5.	
40463	7.5	13.5	5.	
40464	8.	13.5	5.	
40465	8.5	13.5	5.	
40466	9.	13.5	5.	
40467	9.5	13.5	5.	
40468	10.	13.5	5.	
40469	10.5	13.5	5.	
40470	11.	13.5	5.	
40471	11.5	13.5	5.	
40472	12.	13.5	5.	
40473	12.5	13.5	5.	
40474	13.	13.5	5.	
40475	13.5	13.5	5.	
40476	14.	13.5	5.	
40477	14.5	13.5	5.	
40478	15.	13.5	5.	
40479	15.5	13.5	5.	
40480	16.	13.5	5.	
40481	16.5	13.5	5.	
40482	17.	13.5	5.	
40483	17.5	13.5	5.	
40484	18.	13.5	5.	
40485	18.5	13.5	5.	
40486	19.	13.5	5.	
40487	19.5	13.5	5.	
40488	20.	13.5	5.	
40489	20.5	13.5	5.	
40490	21.	13.5	5.	
40491	21.5	13.5	5.	
40492	22.	13.5	5.	
40493	22.5	13.5	5.	
40494	23.	13.5	5.	
40495	23.5	13.5	5.	
40496	24.	13.5	5.	
40497	24.5	13.5	5.	
40498	25.	13.5	5.	
40499	25.5	13.5	5.	
40500	26.	13.5	5.	
40501	26.5	13.5	5.	
40502	27.	13.5	5.	
40503	27.5	13.5	5.	
40504	28.	13.5	5.	
40505	28.5	13.5	5.	
40506	29.	13.5	5.	
40507	29.5	13.5	5.	
40508	30.	13.5	5.	
40509	30.5	13.5	5.	
40510	31.	13.5	5.	
40511	31.5	13.5	5.	
40512	32.	13.5	5.	
40513	32.5	13.5	5.	
40514	33.	13.5	5.	
40515	33.5	13.5	5.	
40516	34.	13.5	5.	
40517	34.5	13.5	5.	
40518	35.	13.5	5.	
40519	35.5	13.5	5.	
40520	36.	13.5	5.	
40521	36.5	13.5	5.	
40522	37.	13.5	5.	
40523	37.5	13.5	5.	
40524	38.	13.5	5.	
40525	38.5	13.5	5.	
40526	39.	13.5	5.	
40527	39.5	13.5	5.	
40528	0.5	13.	5.	
40529	1.	13.	5.	
40530	1.5	13.	5.	
40531	2.	13.	5.	
40532	2.5	13.	5.	
40533	3.	13.	5.	
40534	3.5	13.	5.	
40535	4.	13.	5.	
40536	4.5	13.	5.	
40537	5.	13.	5.	
40538	5.5	13.	5.	
40539	6.	13.	5.	
40540	6.5	13.	5.	
40541	7.	13.	5.	
40542	7.5	13.	5.	
40543	8.	13.	5.	
40544	8.5	13.	5.	
40545	9.	13.	5.	
40546	9.5	13.	5.	
40547	10.	13.	5.	
40548	10.5	13.	5.	
40549	11.	13.	5.	
40550	11.5	13.	5.	
40551	12.	13.	5.	
40552	12.5	13.	5.	
40553	13.	13.	5.	
40554	13.5	13.	5.	
40555	14.	13.	5.	
40556	14.5	13.	5.	
40557	15.	13.	5.	
40558	15.5	13.	5.	
40559	16.	13.	5.	
40560	16.5	13.	5.	
40561	17.	13.	5.	
40562	17.5	13.	5.	
40563	18.	13.	5.	
40564	18.5	13.	5.	
40565	19.	13.	5.	
40566	19.5	13.	5.	
40567	20.	13.	5.	
40568	20.5	13.	5.	
40569	21.	13.	5.	
40570	21.5	13.	5.	
40571	22.	13.	5.	
40572	22.5	13.	5.	
40573	23.	13.	5.	
40574	23.5	13.	5.	
40575	24.	13.	5.	
40576	24.5	13.	5.	
40577	25.	13.	5.	
40578	25.5	13.	5.	
40579	26.	13.	5.	
40580	26.5	13.	5.	
40581	27.	13.	5.	
40582	27.5	13.	5.	
40583	28.	13.	5.	
40584	28.5	13.	5.	
40585	29.	13.	5.	
40586	29.5	13.	5.	
40587	30.	13.	5.	
40588	30.5	13.	5.	
40589	31.	13.	5.	
40590	31.5	13.	5.	
40591	32.	13.	5.	
40592	32.5	13.	5.	
40593	33.	13.	5.	
40594	33.5	13.	5.	
40595	34.	13.	5.	
40596	34.5	13.	5.	
40597	35.	13.	5.	
40598	35.5	13.	5.	
40599	36.	13.	5.	
40600	36.5	13.	5.	
40601	37.	13.	5.	
40602	37.5	13.	5.	
40603	38.	13.	5.	
40604	38.5	13.	5.	
40605	39.	13.	5.	
40606	39.5	13.	5.	
40607	0.5	12.5	5.	
40608	1.	12.5	5.	
40609	1.5	12.5	5.	
40610	2.	12.5	5.	
40611	2.5	12.5	5.	
40612	3.	12.5	5.	
40613	3.5	12.5	5.	
40614	4.	12.5	5.	
40615	4.5	12.5	5.	
40616	5.	12.5	5.	
40617	5.5	12.5	5.	
40618	6.	12.5	5.	
40619	6.5	12.5	5.	
40620	7.	12.5	5.	
40621	7.5	12.5	5.	
40622	8.	12.5	5.	
40623	8.5	12.5	5.	
40624	9.	12.5	5.	
40625	9.5	12.5	5.	
40626	10.	12.5	5.	
40627	10.5	12.5	5.	
40628	11.	12.5	5.	
40629	11.5	12.5	5.	
40630	12.	12.5	5.	
40631	12.5	12.5	5.	
40632	13.	12.5	5.	
40633	13.5	12.5	5.	
40634	14.	12.5	5.	
40635	14.5	12.5	5.	
40636	15.	12.5	5.	
40637	15.5	12.5	5.	
40638	16.	12.5	5.	
40639	16.5	12.5	5.	
40640	17.	12.5	5.	
40641	17.5	12.5	5.	
40642	18.	12.5	5.	
40643	18.5	12.5	5.	
40644	19.	12.5	5.	
40645	19.5	12.5	5.	
40646	20.	12.5	5.	
40647	20.5	12.5	5.	
40648	21.	12.5	5.	
40649	21.5	12.5	5.	
40650	22.	12.5	5.	
40651	22.5	12.5	5.	
40652	23.	12.5	5.	
40653	23.5	12.5	5.	
40654	24.	12.5	5.	
40655	24.5	12.5	5.	
40656	25.	12.5	5.	
40657	25.5	12.5	5.	
40658	26.	12.5	5.	
40659	26.5	12.5	5.	
40660	27.	12.5	5.	
40661	27.5	12.5	5.	
40662	28.	12.5	5.	
40663	28.5	12.5	5.	
40664	29.	12.5	5.	
40665	29.5	12.5	5.	
40666	30.	12.5	5.	
40667	30.5	12.5	5.	
40668	31.	12.5	5.	
40669	31.5	12.5	5.	
40670	32.	12.5	5.	
40671	32.5	12.5	5.	
40672	33.	12.5	5.	
40673	33.5	12.5	5.	
40674	34.	12.5	5.	
40675	34.5	12.5	5.	
40676	35.	12.5	5.	
40677	35.5	12.5	5.	
40678	36.	12.5	5.	
40679	36.5	12.5	5.	
40680	37.	12.5	5.	
40681	37.5	12.5	5.	
40682	38.	12.5	5.	
40683	38.5	12.5	5.	
40684	39.	12.5	5.	
40685	39.5	12.5	5.	
40686	0.5	12.	5.	
40687	1.	12.	5.	
40688	1.5	12.	5.	
40689	2.	12.	5.	
40690	2.5	12.	5.	
40691	3.	12.	5.	
40692	3.5	12.	5.	
40693	4.	12.	5.	
40694	4.5	12.	5.	
40695	5.	12.	5.	
40696	5.5	12.	5.	
40697	6.	12.	5.	
40698	6.5	12.	5.	
40699	7.	12.	5.	
40700	7.5	12.	5.	
40701	8.	12.	5.	
40702	8.5	12.	5.	
40703	9.	12.	5.	
40704	9.5	12.	5.	
40705	10.	12.	5.	
40706	10.5	12.	5.	
40707	11.	12.	5.	
40708	11.5	12.	5.	
40709	12.	12.	5.	
40710	12.5	12.	5.	
40711	13.	12.	5.	
40712	13.5	12.	5.	
40713	14.	12.	5.	
40714	14.5	12.	5.	
40715	15.	12.	5.	
40716	15.5	12.	5.	
40717	16.	12.	5.	
40718	16.5	12.	5.	
40719	17.	12.	5.	
40720	17.5	12.	5.	
40721	18.	12.	5.	
40722	18.5	12.	5.	
40723	19.	12.	5.	
40724	19.5	12.	5.	
40725	20.	12.	5.	
40726	20.5	12.	5.	
40727	21.	12.	5.	
40728	21.5	12.	5.	
40729	22.	12.	5.	
40730	22.5	12.	5.	
40731	23.	12.	5.	
40732	23.5	12.	5.	
40733	24.	12.	5.	
40734	24.5	12.	5.	
40735	25.	12.	5.	
40736	25.5	12.	5.	
40737	26.	12.	5.	
40738	26.5	12.	5.	
40739	27.	12.	5.	
40740	27.5	12.	5.	
40741	28.	12.	5.	
40742	28.5	12.	5.	
40743	29.	12.	5.	
40744	29.5	12.	5.	
40745	30.	12.	5.	
40746	30.5	12.	5.	
40747	31.	12.	5.	
40748	31.5	12.	5.	
40749	32.	12.	5.	
40750	32.5	12.	5.	
40751	33.	12.	5.	
40752	33.5	12.	5.	
40753	34.	12.	5.	
40754	34.5	12.	5.	
40755	35.	12.	5.	
40756	35.5	12.	5.	
40757	36.	12.	5.	
40758	36.5	12.	5.	
40759	37.	12.	5.	
40760	37.5	12.	5.	
40761	38.	12.	5.	
40762	38.5	12.	5.	
40763	39.	12.	5.	
40764	39.5	12.	5.	
40765	0.5	11.5	5.	
40766	1.	11.5	5.	
40767	1.5	11.5	5.	
40768	2.	11.5	5.	
40769	2.5	11.5	5.	
40770	3.	11.5	5.	
40771	3.5	11.5	5.	
40772	4.	11.5	5.	
40773	4.5	11.5	5.	
40774	5.	11.5	5.	
40775	5.5	11.5	5.	
40776	6.	11.5	5.	
40777	6.5	11.5	5.	
40778	7.	11.5	5.	
40779	7.5	11.5	5.	
40780	8.	11.5	5.	
40781	8.5	11.5	5.	
40782	9.	11.5	5.	
40783	9.5	11.5	5.	
40784	10.	11.5	5.	
40785	10.5	11.5	5.	
40786	11.	11.5	5.	
40787	11.5	11.5	5.	
40788	12.	11.5	5.	
40789	12.5	11.5	5.	
40790	13.	11.5	5.	
40791	13.5	11.5	5.	
40792	14.	11.5	5.	
40793	14.5	11.5	5.	
40794	15.	11.5	5.	
40795	15.5	11.5	5.	
40796	16.	11.5	5.	
40797	16.5	11.5	5.	
40798	17.	11.5	5.	
40799	17.5	11.5	5.	
40800	18.	11.5	5.	
40801	18.5	11.5	5.	
40802	19.	11.5	5.	
40803	19.5	11.5	5.	
40804	20.	11.5	5.	
40805	20.5	11.5	5.	
40806	21.	11.5	5.	
40807	21.5	11.5	5.	
40808	22.	11.5	5.	
40809	22.5	11.5	5.	
40810	23.	11.5	5.	
40811	23.5	11.5	5.	
40812	24.	11.5	5.	
40813	24.5	11.5	5.	
40814	25.	11.5	5.	
40815	25.5	11.5	5.	
40816	26.	11.5	5.	
40817	26.5	11.5	5.	
40818	27.	11.5	5.	
40819	27.5	11.5	5.	
40820	28.	11.5	5.	
40821	28.5	11.5	5.	
40822	29.	11.5	5.	
40823	29.5	11.5	5.	
40824	30.	11.5	5.	
40825	30.5	11.5	5.	
40826	31.	11.5	5.	
40827	31.5	11.5	5.	
40828	32.	11.5	5.	
40829	32.5	11.5	5.	
40830	33.	11.5	5.	
40831	33.5	11.5	5.	
40832	34.	11.5	5.	
40833	34.5	11.5	5.	
40834	35.	11.5	5.	
40835	35.5	11.5	5.	
40836	36.	11.5	5.	
40837	36.5	11.5	5.	
40838	37.	11.5	5.	
40839	37.5	11.5	5.	
40840	38.	11.5	5.	
40841	38.5	11.5	5.	
40842	39.	11.5	5.	
40843	39.5	11.5	5.	
40844	0.5	11.	5.	
40845	1.	11.	5.	
40846	1.5	11.	5.	
40847	2.	11.	5.	
40848	2.5	11.	5.	
40849	3.	11.	5.	
40850	3.5	11.	5.	
40851	4.	11.	5.	
40852	4.5	11.	5.	
40853	5.	11.	5.	
40854	5.5	11.	5.	
40855	6.	11.	5.	
40856	6.5	11.	5.	
40857	7.	11.	5.	
40858	7.5	11.	5.	
40859	8.	11.	5.	
40860	8.5	11.	5.	
40861	9.	11.	5.	
40862	9.5	11.	5.	
40863	10.	11.	5.	
40864	10.5	11.	5.	
40865	11.	11.	5.	
40866	11.5	11.	5.	
40867	12.	11.	5.	
40868	12.5	11.	5.	
40869	13.	11.	5.	
40870	13.5	11.	5.	
40871	14.	11.	5.	
40872	14.5	11.	5.	
40873	15.	11.	5.	
40874	15.5	11.	5.	
40875	16.	11.	5.	
40876	16.5	11.	5.	
40877	17.	11.	5.	
40878	17.5	11.	5.	
40879	18.	11.	5.	
40880	18.5	11.	5.	
40881	19.	11.	5.	
40882	19.5	11.	5.	
40883	20.	11.	5.	
40884	20.5	11.	5.	
40885	21.	11.	5.	
40886	21.5	11.	5.	
40887	22.	11.	5.	
40888	22.5	11.	5.	
40889	23.	11.	5.	
40890	23.5	11.	5.	
40891	24.	11.	5.	
40892	24.5	11.	5.	
40893	25.	11.	5.	
40894	25.5	11.	5.	
40895	26.	11.	5.	
40896	26.5	11.	5.	
40897	27.	11.	5.	
40898	27.5	11.	5.	
40899	28.	11.	5.	
40900	28.5	11.	5.	
40901	29.	11.	5.	
40902	29.5	11.	5.	
40903	30.	11.	5.	
40904	30.5	11.	5.	
40905	31.	11.	5.	
40906	31.5	11.	5.	
40907	32.	11.	5.	
40908	32.5	11.	5.	
40909	33.	11.	5.	
40910	33.5	11.	5.	
40911	34.	11.	5.	
40912	34.5	11.	5.	
40913	35.	11.	5.	
40914	35.5	11.	5.	
40915	36.	11.	5.	
40916	36.5	11.	5.	
40917	37.	11.	5.	
40918	37.5	11.	5.	
40919	38.	11.	5.	
40920	38.5	11.	5.	
40921	39.	11.	5.	
40922	39.5	11.	5.	
40923	0.5	10.5	5.	
40924	1.	10.5	5.	
40925	1.5	10.5	5.	
40926	2.	10.5	5.	
40927	2.5	10.5	5.	
40928	3.	10.5	5.	
40929	3.5	10.5	5.	
40930	4.	10.5	5.	
40931	4.5	10.5	5.	
40932	5.	10.5	5.	
40933	5.5	10.5	5.	
40934	6.	10.5	5.	
40935	6.5	10.5	5.	
40936	7.	10.5	5.	
40937	7.5	10.5	5.	
40938	8.	10.5	5.	
40939	8.5	10.5	5.	
40940	9.	10.5	5.	
40941	9.5	10.5	5.	
40942	10.	10.5	5.	
40943	10.5	10.5	5.	
40944	11.	10.5	5.	
40945	11.5	10.5	5.	
40946	12.	10.5	5.	
40947	12.5	10.5	5.	
40948	13.	10.5	5.	
40949	13.5	10.5	5.	
40950	14.	10.5	5.	
40951	14.5	10.5	5.	
40952	15.	10.5	5.	
40953	15.5	10.5	5.	
40954	16.	10.5	5.	
40955	16.5	10.5	5.	
40956	17.	10.5	5.	
40957	17.5	10.5	5.	
40958	18.	10.5	5.	
40959	18.5	10.5	5.	
40960	19.	10.5	5.	
40961	19.5	10.5	5.	
40962	20.	10.5	5.	
40963	20.5	10.5	5.	
40964	21.	10.5	5.	
40965	21.5	10.5	5.	
40966	22.	10.5	5.	
40967	22.5	10.5	5.	
40968	23.	10.5	5.	
40969	23.5	10.5	5.	
40970	24.	10.5	5.	
40971	24.5	10.5	5.	
40972	25.	10.5	5.	
40973	25.5	10.5	5.	
40974	26.	10.5	5.	
40975	26.5	10.5	5.	
40976	27.	10.5	5.	
40977	27.5	10.5	5.	
40978	28.	10.5	5.	
40979	28.5	10.5	5.	
40980	29.	10.5	5.	
40981	29.5	10.5	5.	
40982	30.	10.5	5.	
40983	30.5	10.5	5.	
40984	31.	10.5	5.	
40985	31.5	10.5	5.	
40986	32.	10.5	5.	
40987	32.5	10.5	5.	
40988	33.	10.5	5.	
40989	33.5	10.5	5.	
40990	34.	10.5	5.	
40991	34.5	10.5	5.	
40992	35.	10.5	5.	
40993	35.5	10.5	5.	
40994	36.	10.5	5.	
40995	36.5	10.5	5.	
40996	37.	10.5	5.	
40997	37.5	10.5	5.	
40998	38.	10.5	5.	
40999	38.5	10.5	5.	
41000	39.	10.5	5.	
41001	39.5	10.5	5.	
41002	0.5	10.	5.	
41003	1.	10.	5.	
41004	1.5	10.	5.	
41005	2.	10.	5.	
41006	2.5	10.	5.	
41007	3.	10.	5.	
41008	3.5	10.	5.	
41009	4.	10.	5.	
41010	4.5	10.	5.	
41011	5.	10.	5.	
41012	5.5	10.	5.	
41013	6.	10.	5.	
41014	6.5	10.	5.	
41015	7.	10.	5.	
41016	7.5	10.	5.	
41017	8.	10.	5.	
41018	8.5	10.	5.	
41019	9.	10.	5.	
41020	9.5	10.	5.	
41021	10.	10.	5.	
41022	10.5	10.	5.	
41023	11.	10.	5.	
41024	11.5	10.	5.	
41025	12.	10.	5.	
41026	12.5	10.	5.	
41027	13.	10.	5.	
41028	13.5	10.	5.	
41029	14.	10.	5.	
41030	14.5	10.	5.	
41031	15.	10.	5.	
41032	15.5	10.	5.	
41033	16.	10.	5.	
41034	16.5	10.	5.	
41035	17.	10.	5.	
41036	17.5	10.	5.	
41037	18.	10.	5.	
41038	18.5	10.	5.	
41039	19.	10.	5.	
41040	19.5	10.	5.	
41041	20.	10.	5.	
41042	20.5	10.	5.	
41043	21.	10.	5.	
41044	21.5	10.	5.	
41045	22.	10.	5.	
41046	22.5	10.	5.	
41047	23.	10.	5.	
41048	23.5	10.	5.	
41049	24.	10.	5.	
41050	24.5	10.	5.	
41051	25.	10.	5.	
41052	25.5	10.	5.	
41053	26.	10.	5.	
41054	26.5	10.	5.	
41055	27.	10.	5.	
41056	27.5	10.	5.	
41057	28.	10.	5.	
41058	28.5	10.	5.	
41059	29.	10.	5.	
41060	29.5	10.	5.	
41061	30.	10.	5.	
41062	30.5	10.	5.	
41063	31.	10.	5.	
41064	31.5	10.	5.	
41065	32.	10.	5.	
41066	32.5	10.	5.	
41067	33.	10.	5.	
41068	33.5	10.	5.	
41069	34.	10.	5.	
41070	34.5	10.	5.	
41071	35.	10.	5.	
41072	35.5	10.	5.	
41073	36.	10.	5.	
41074	36.5	10.	5.	
41075	37.	10.	5.	
41076	37.5	10.	5.	
41077	38.	10.	5.	
41078	38.5	10.	5.	
41079	39.	10.	5.	
41080	39.5	10.	5.	
41081	0.5	9.5	5.	
41082	1.	9.5	5.	
41083	1.5	9.5	5.	
41084	2.	9.5	5.	
41085	2.5	9.5	5.	
41086	3.	9.5	5.	
41087	3.5	9.5	5.	
41088	4.	9.5	5.	
41089	4.5	9.5	5.	
41090	5.	9.5	5.	
41091	5.5	9.5	5.	
41092	6.	9.5	5.	
41093	6.5	9.5	5.	
41094	7.	9.5	5.	
41095	7.5	9.5	5.	
41096	8.	9.5	5.	
41097	8.5	9.5	5.	
41098	9.	9.5	5.	
41099	9.5	9.5	5.	
41100	10.	9.5	5.	
41101	10.5	9.5	5.	
41102	11.	9.5	5.	
41103	11.5	9.5	5.	
41104	12.	9.5	5.	
41105	12.5	9.5	5.	
41106	13.	9.5	5.	
41107	13.5	9.5	5.	
41108	14.	9.5	5.	
41109	14.5	9.5	5.	
41110	15.	9.5	5.	
41111	15.5	9.5	5.	
41112	16.	9.5	5.	
41113	16.5	9.5	5.	
41114	17.	9.5	5.	
41115	17.5	9.5	5.	
41116	18.	9.5	5.	
41117	18.5	9.5	5.	
41118	19.	9.5	5.	
41119	19.5	9.5	5.	
41120	20.	9.5	5.	
41121	20.5	9.5	5.	
41122	21.	9.5	5.	
41123	21.5	9.5	5.	
41124	22.	9.5	5.	
41125	22.5	9.5	5.	
41126	23.	9.5	5.	
41127	23.5	9.5	5.	
41128	24.	9.5	5.	
41129	24.5	9.5	5.	
41130	25.	9.5	5.	
41131	25.5	9.5	5.	
41132	26.	9.5	5.	
41133	26.5	9.5	5.	
41134	27.	9.5	5.	
41135	27.5	9.5	5.	
41136	28.	9.5	5.	
41137	28.5	9.5	5.	
41138	29.	9.5	5.	
41139	29.5	9.5	5.	
41140	30.	9.5	5.	
41141	30.5	9.5	5.	
41142	31.	9.5	5.	
41143	31.5	9.5	5.	
41144	32.	9.5	5.	
41145	32.5	9.5	5.	
41146	33.	9.5	5.	
41147	33.5	9.5	5.	
41148	34.	9.5	5.	
41149	34.5	9.5	5.	
41150	35.	9.5	5.	
41151	35.5	9.5	5.	
41152	36.	9.5	5.	
41153	36.5	9.5	5.	
41154	37.	9.5	5.	
41155	37.5	9.5	5.	
41156	38.	9.5	5.	
41157	38.5	9.5	5.	
41158	39.	9.5	5.	
41159	39.5	9.5	5.	
41160	0.5	9.	5.	
41161	1.	9.	5.	
41162	1.5	9.	5.	
41163	2.	9.	5.	
41164	2.5	9.	5.	
41165	3.	9.	5.	
41166	3.5	9.	5.	
41167	4.	9.	5.	
41168	4.5	9.	5.	
41169	5.	9.	5.	
41170	5.5	9.	5.	
41171	6.	9.	5.	
41172	6.5	9.	5.	
41173	7.	9.	5.	
41174	7.5	9.	5.	
41175	8.	9.	5.	
41176	8.5	9.	5.	
41177	9.	9.	5.	
41178	9.5	9.	5.	
41179	10.	9.	5.	
41180	10.5	9.	5.	
41181	11.	9.	5.	
41182	11.5	9.	5.	
41183	12.	9.	5.	
41184	12.5	9.	5.	
41185	13.	9.	5.	
41186	13.5	9.	5.	
41187	14.	9.	5.	
41188	14.5	9.	5.	
41189	15.	9.	5.	
41190	15.5	9.	5.	
41191	16.	9.	5.	
41192	16.5	9.	5.	
41193	17.	9.	5.	
41194	17.5	9.	5.	
41195	18.	9.	5.	
41196	18.5	9.	5.	
41197	19.	9.	5.	
41198	19.5	9.	5.	
41199	20.	9.	5.	
41200	20.5	9.	5.	
41201	21.	9.	5.	
41202	21.5	9.	5.	
41203	22.	9.	5.	
41204	22.5	9.	5.	
41205	23.	9.	5.	
41206	23.5	9.	5.	
41207	24.	9.	5.	
41208	24.5	9.	5.	
41209	25.	9.	5.	
41210	25.5	9.	5.	
41211	26.	9.	5.	
41212	26.5	9.	5.	
41213	27.	9.	5.	
41214	27.5	9.	5.	
41215	28.	9.	5.	
41216	28.5	9.	5.	
41217	29.	9.	5.	
41218	29.5	9.	5.	
41219	30.	9.	5.	
41220	30.5	9.	5.	
41221	31.	9.	5.	
41222	31.5	9.	5.	
41223	32.	9.	5.	
41224	32.5	9.	5.	
41225	33.	9.	5.	
41226	33.5	9.	5.	
41227	34.	9.	5.	
41228	34.5	9.	5.	
41229	35.	9.	5.	
41230	35.5	9.	5.	
41231	36.	9.	5.	
41232	36.5	9.	5.	
41233	37.	9.	5.	
41234	37.5	9.	5.	
41235	38.	9.	5.	
41236	38.5	9.	5.	
41237	39.	9.	5.	
41238	39.5	9.	5.	
41239	0.5	8.5	5.	
41240	1.	8.5	5.	
41241	1.5	8.5	5.	
41242	2.	8.5	5.	
41243	2.5	8.5	5.	
41244	3.	8.5	5.	
41245	3.5	8.5	5.	
41246	4.	8.5	5.	
41247	4.5	8.5	5.	
41248	5.	8.5	5.	
41249	5.5	8.5	5.	
41250	6.	8.5	5.	
41251	6.5	8.5	5.	
41252	7.	8.5	5.	
41253	7.5	8.5	5.	
41254	8.	8.5	5.	
41255	8.5	8.5	5.	
41256	9.	8.5	5.	
41257	9.5	8.5	5.	
41258	10.	8.5	5.	
41259	10.5	8.5	5.	
41260	11.	8.5	5.	
41261	11.5	8.5	5.	
41262	12.	8.5	5.	
41263	12.5	8.5	5.	
41264	13.	8.5	5.	
41265	13.5	8.5	5.	
41266	14.	8.5	5.	
41267	14.5	8.5	5.	
41268	15.	8.5	5.	
41269	15.5	8.5	5.	
41270	16.	8.5	5.	
41271	16.5	8.5	5.	
41272	17.	8.5	5.	
41273	17.5	8.5	5.	
41274	18.	8.5	5.	
41275	18.5	8.5	5.	
41276	19.	8.5	5.	
41277	19.5	8.5	5.	
41278	20.	8.5	5.	
41279	20.5	8.5	5.	
41280	21.	8.5	5.	
41281	21.5	8.5	5.	
41282	22.	8.5	5.	
41283	22.5	8.5	5.	
41284	23.	8.5	5.	
41285	23.5	8.5	5.	
41286	24.	8.5	5.	
41287	24.5	8.5	5.	
41288	25.	8.5	5.	
41289	25.5	8.5	5.	
41290	26.	8.5	5.	
41291	26.5	8.5	5.	
41292	27.	8.5	5.	
41293	27.5	8.5	5.	
41294	28.	8.5	5.	
41295	28.5	8.5	5.	
41296	29.	8.5	5.	
41297	29.5	8.5	5.	
41298	30.	8.5	5.	
41299	30.5	8.5	5.	
41300	31.	8.5	5.	
41301	31.5	8.5	5.	
41302	32.	8.5	5.	
41303	32.5	8.5	5.	
41304	33.	8.5	5.	
41305	33.5	8.5	5.	
41306	34.	8.5	5.	
41307	34.5	8.5	5.	
41308	35.	8.5	5.	
41309	35.5	8.5	5.	
41310	36.	8.5	5.	
41311	36.5	8.5	5.	
41312	37.	8.5	5.	
41313	37.5	8.5	5.	
41314	38.	8.5	5.	
41315	38.5	8.5	5.	
41316	39.	8.5	5.	
41317	39.5	8.5	5.	
41318	0.5	8.	5.	
41319	1.	8.	5.	
41320	1.5	8.	5.	
41321	2.	8.	5.	
41322	2.5	8.	5.	
41323	3.	8.	5.	
41324	3.5	8.	5.	
41325	4.	8.	5.	
41326	4.5	8.	5.	
41327	5.	8.	5.	
41328	5.5	8.	5.	
41329	6.	8.	5.	
41330	6.5	8.	5.	
41331	7.	8.	5.	
41332	7.5	8.	5.	
41333	8.	8.	5.	
41334	8.5	8.	5.	
41335	9.	8.	5.	
41336	9.5	8.	5.	
41337	10.	8.	5.	
41338	10.5	8.	5.	
41339	11.	8.	5.	
41340	11.5	8.	5.	
41341	12.	8.	5.	
41342	12.5	8.	5.	
41343	13.	8.	5.	
41344	13.5	8.	5.	
41345	14.	8.	5.	
41346	14.5	8.	5.	
41347	15.	8.	5.	
41348	15.5	8.	5.	
41349	16.	8.	5.	
41350	16.5	8.	5.	
41351	17.	8.	5.	
41352	17.5	8.	5.	
41353	18.	8.	5.	
41354	18.5	8.	5.	
41355	19.	8.	5.	
41356	19.5	8.	5.	
41357	20.	8.	5.	
41358	20.5	8.	5.	
41359	21.	8.	5.	
41360	21.5	8.	5.	
41361	22.	8.	5.	
41362	22.5	8.	5.	
41363	23.	8.	5.	
41364	23.5	8.	5.	
41365	24.	8.	5.	
41366	24.5	8.	5.	
41367	25.	8.	5.	
41368	25.5	8.	5.	
41369	26.	8.	5.	
41370	26.5	8.	5.	
41371	27.	8.	5.	
41372	27.5	8.	5.	
41373	28.	8.	5.	
41374	28.5	8.	5.	
41375	29.	8.	5.	
41376	29.5	8.	5.	
41377	30.	8.	5.	
41378	30.5	8.	5.	
41379	31.	8.	5.	
41380	31.5	8.	5.	
41381	32.	8.	5.	
41382	32.5	8.	5.	
41383	33.	8.	5.	
41384	33.5	8.	5.	
41385	34.	8.	5.	
41386	34.5	8.	5.	
41387	35.	8.	5.	
41388	35.5	8.	5.	
41389	36.	8.	5.	
41390	36.5	8.	5.	
41391	37.	8.	5.	
41392	37.5	8.	5.	
41393	38.	8.	5.	
41394	38.5	8.	5.	
41395	39.	8.	5.	
41396	39.5	8.	5.	
41397	0.5	7.5	5.	
41398	1.	7.5	5.	
41399	1.5	7.5	5.	
41400	2.	7.5	5.	
41401	2.5	7.5	5.	
41402	3.	7.5	5.	
41403	3.5	7.5	5.	
41404	4.	7.5	5.	
41405	4.5	7.5	5.	
41406	5.	7.5	5.	
41407	5.5	7.5	5.	
41408	6.	7.5	5.	
41409	6.5	7.5	5.	
41410	7.	7.5	5.	
41411	7.5	7.5	5.	
41412	8.	7.5	5.	
41413	8.5	7.5	5.	
41414	9.	7.5	5.	
41415	9.5	7.5	5.	
41416	10.	7.5	5.	
41417	10.5	7.5	5.	
41418	11.	7.5	5.	
41419	11.5	7.5	5.	
41420	12.	7.5	5.	
41421	12.5	7.5	5.	
41422	13.	7.5	5.	
41423	13.5	7.5	5.	
41424	14.	7.5	5.	
41425	14.5	7.5	5.	
41426	15.	7.5	5.	
41427	15.5	7.5	5.	
41428	16.	7.5	5.	
41429	16.5	7.5	5.	
41430	17.	7.5	5.	
41431	17.5	7.5	5.	
41432	18.	7.5	5.	
41433	18.5	7.5	5.	
41434	19.	7.5	5.	
41435	19.5	7.5	5.	
41436	20.	7.5	5.	
41437	20.5	7.5	5.	
41438	21.	7.5	5.	
41439	21.5	7.5	5.	
41440	22.	7.5	5.	
41441	22.5	7.5	5.	
41442	23.	7.5	5.	
41443	23.5	7.5	5.	
41444	24.	7.5	5.	
41445	24.5	7.5	5.	
41446	25.	7.5	5.	
41447	25.5	7.5	5.	
41448	26.	7.5	5.	
41449	26.5	7.5	5.	
41450	27.	7.5	5.	
41451	27.5	7.5	5.	
41452	28.	7.5	5.	
41453	28.5	7.5	5.	
41454	29.	7.5	5.	
41455	29.5	7.5	5.	
41456	30.	7.5	5.	
41457	30.5	7.5	5.	
41458	31.	7.5	5.	
41459	31.5	7.5	5.	
41460	32.	7.5	5.	
41461	32.5	7.5	5.	
41462	33.	7.5	5.	
41463	33.5	7.5	5.	
41464	34.	7.5	5.	
41465	34.5	7.5	5.	
41466	35.	7.5	5.	
41467	35.5	7.5	5.	
41468	36.	7.5	5.	
41469	36.5	7.5	5.	
41470	37.	7.5	5.	
41471	37.5	7.5	5.	
41472	38.	7.5	5.	
41473	38.5	7.5	5.	
41474	39.	7.5	5.	
41475	39.5	7.5	5.	
41476	0.5	7.	5.	
41477	1.	7.	5.	
41478	1.5	7.	5.	
41479	2.	7.	5.	
41480	2.5	7.	5.	
41481	3.	7.	5.	
41482	3.5	7.	5.	
41483	4.	7.	5.	
41484	4.5	7.	5.	
41485	5.	7.	5.	
41486	5.5	7.	5.	
41487	6.	7.	5.	
41488	6.5	7.	5.	
41489	7.	7.	5.	
41490	7.5	7.	5.	
41491	8.	7.	5.	
41492	8.5	7.	5.	
41493	9.	7.	5.	
41494	9.5	7.	5.	
41495	10.	7.	5.	
41496	10.5	7.	5.	
41497	11.	7.	5.	
41498	11.5	7.	5.	
41499	12.	7.	5.	
41500	12.5	7.	5.	
41501	13.	7.	5.	
41502	13.5	7.	5.	
41503	14.	7.	5.	
41504	14.5	7.	5.	
41505	15.	7.	5.	
41506	15.5	7.	5.	
41507	16.	7.	5.	
41508	16.5	7.	5.	
41509	17.	7.	5.	
41510	17.5	7.	5.	
41511	18.	7.	5.	
41512	18.5	7.	5.	
41513	19.	7.	5.	
41514	19.5	7.	5.	
41515	20.	7.	5.	
41516	20.5	7.	5.	
41517	21.	7.	5.	
41518	21.5	7.	5.	
41519	22.	7.	5.	
41520	22.5	7.	5.	
41521	23.	7.	5.	
41522	23.5	7.	5.	
41523	24.	7.	5.	
41524	24.5	7.	5.	
41525	25.	7.	5.	
41526	25.5	7.	5.	
41527	26.	7.	5.	
41528	26.5	7.	5.	
41529	27.	7.	5.	
41530	27.5	7.	5.	
41531	28.	7.	5.	
41532	28.5	7.	5.	
41533	29.	7.	5.	
41534	29.5	7.	5.	
41535	30.	7.	5.	
41536	30.5	7.	5.	
41537	31.	7.	5.	
41538	31.5	7.	5.	
41539	32.	7.	5.	
41540	32.5	7.	5.	
41541	33.	7.	5.	
41542	33.5	7.	5.	
41543	34.	7.	5.	
41544	34.5	7.	5.	
41545	35.	7.	5.	
41546	35.5	7.	5.	
41547	36.	7.	5.	
41548	36.5	7.	5.	
41549	37.	7.	5.	
41550	37.5	7.	5.	
41551	38.	7.	5.	
41552	38.5	7.	5.	
41553	39.	7.	5.	
41554	39.5	7.	5.	
41555	0.5	6.5	5.	
41556	1.	6.5	5.	
41557	1.5	6.5	5.	
41558	2.	6.5	5.	
41559	2.5	6.5	5.	
41560	3.	6.5	5.	
41561	3.5	6.5	5.	
41562	4.	6.5	5.	
41563	4.5	6.5	5.	
41564	5.	6.5	5.	
41565	5.5	6.5	5.	
41566	6.	6.5	5.	
41567	6.5	6.5	5.	
41568	7.	6.5	5.	
41569	7.5	6.5	5.	
41570	8.	6.5	5.	
41571	8.5	6.5	5.	
41572	9.	6.5	5.	
41573	9.5	6.5	5.	
41574	10.	6.5	5.	
41575	10.5	6.5	5.	
41576	11.	6.5	5.	
41577	11.5	6.5	5.	
41578	12.	6.5	5.	
41579	12.5	6.5	5.	
41580	13.	6.5	5.	
41581	13.5	6.5	5.	
41582	14.	6.5	5.	
41583	14.5	6.5	5.	
41584	15.	6.5	5.	
41585	15.5	6.5	5.	
41586	16.	6.5	5.	
41587	16.5	6.5	5.	
41588	17.	6.5	5.	
41589	17.5	6.5	5.	
41590	18.	6.5	5.	
41591	18.5	6.5	5.	
41592	19.	6.5	5.	
41593	19.5	6.5	5.	
41594	20.	6.5	5.	
41595	20.5	6.5	5.	
41596	21.	6.5	5.	
41597	21.5	6.5	5.	
41598	22.	6.5	5.	
41599	22.5	6.5	5.	
41600	23.	6.5	5.	
41601	23.5	6.5	5.	
41602	24.	6.5	5.	
41603	24.5	6.5	5.	
41604	25.	6.5	5.	
41605	25.5	6.5	5.	
41606	26.	6.5	5.	
41607	26.5	6.5	5.	
41608	27.	6.5	5.	
41609	27.5	6.5	5.	
41610	28.	6.5	5.	
41611	28.5	6.5	5.	
41612	29.	6.5	5.	
41613	29.5	6.5	5.	
41614	30.	6.5	5.	
41615	30.5	6.5	5.	
41616	31.	6.5	5.	
41617	31.5	6.5	5.	
41618	32.	6.5	5.	
41619	32.5	6.5	5.	
41620	33.	6.5	5.	
41621	33.5	6.5	5.	
41622	34.	6.5	5.	
41623	34.5	6.5	5.	
41624	35.	6.5	5.	
41625	35.5	6.5	5.	
41626	36.	6.5	5.	
41627	36.5	6.5	5.	
41628	37.	6.5	5.	
41629	37.5	6.5	5.	
41630	38.	6.5	5.	
41631	38.5	6.5	5.	
41632	39.	6.5	5.	
41633	39.5	6.5	5.	
41634	0.5	6.	5.	
41635	1.	6.	5.	
41636	1.5	6.	5.	
41637	2.	6.	5.	
41638	2.5	6.	5.	
41639	3.	6.	5.	
41640	3.5	6.	5.	
41641	4.	6.	5.	
41642	4.5	6.	5.	
41643	5.	6.	5.	
41644	5.5	6.	5.	
41645	6.	6.	5.	
41646	6.5	6.	5.	
41647	7.	6.	5.	
41648	7.5	6.	5.	
41649	8.	6.	5.	
41650	8.5	6.	5.	
41651	9.	6.	5.	
41652	9.5	6.	5.	
41653	10.	6.	5.	
41654	10.5	6.	5.	
41655	11.	6.	5.	
41656	11.5	6.	5.	
41657	12.	6.	5.	
41658	12.5	6.	5.	
41659	13.	6.	5.	
41660	13.5	6.	5.	
41661	14.	6.	5.	
41662	14.5	6.	5.	
41663	15.	6.	5.	
41664	15.5	6.	5.	
41665	16.	6.	5.	
41666	16.5	6.	5.	
41667	17.	6.	5.	
41668	17.5	6.	5.	
41669	18.	6.	5.	
41670	18.5	6.	5.	
41671	19.	6.	5.	
41672	19.5	6.	5.	
41673	20.	6.	5.	
41674	20.5	6.	5.	
41675	21.	6.	5.	
41676	21.5	6.	5.	
41677	22.	6.	5.	
41678	22.5	6.	5.	
41679	23.	6.	5.	
41680	23.5	6.	5.	
41681	24.	6.	5.	
41682	24.5	6.	5.	
41683	25.	6.	5.	
41684	25.5	6.	5.	
41685	26.	6.	5.	
41686	26.5	6.	5.	
41687	27.	6.	5.	
41688	27.5	6.	5.	
41689	28.	6.	5.	
41690	28.5	6.	5.	
41691	29.	6.	5.	
41692	29.5	6.	5.	
41693	30.	6.	5.	
41694	30.5	6.	5.	
41695	31.	6.	5.	
41696	31.5	6.	5.	
41697	32.	6.	5.	
41698	32.5	6.	5.	
41699	33.	6.	5.	
41700	33.5	6.	5.	
41701	34.	6.	5.	
41702	34.5	6.	5.	
41703	35.	6.	5.	
41704	35.5	6.	5.	
41705	36.	6.	5.	
41706	36.5	6.	5.	
41707	37.	6.	5.	
41708	37.5	6.	5.	
41709	38.	6.	5.	
41710	38.5	6.	5.	
41711	39.	6.	5.	
41712	39.5	6.	5.	
41713	0.5	5.5	5.	
41714	1.	5.5	5.	
41715	1.5	5.5	5.	
41716	2.	5.5	5.	
41717	2.5	5.5	5.	
41718	3.	5.5	5.	
41719	3.5	5.5	5.	
41720	4.	5.5	5.	
41721	4.5	5.5	5.	
41722	5.	5.5	5.	
41723	5.5	5.5	5.	
41724	6.	5.5	5.	
41725	6.5	5.5	5.	
41726	7.	5.5	5.	
41727	7.5	5.5	5.	
41728	8.	5.5	5.	
41729	8.5	5.5	5.	
41730	9.	5.5	5.	
41731	9.5	5.5	5.	
41732	10.	5.5	5.	
41733	10.5	5.5	5.	
41734	11.	5.5	5.	
41735	11.5	5.5	5.	
41736	12.	5.5	5.	
41737	12.5	5.5	5.	
41738	13.	5.5	5.	
41739	13.5	5.5	5.	
41740	14.	5.5	5.	
41741	14.5	5.5	5.	
41742	15.	5.5	5.	
41743	15.5	5.5	5.	
41744	16.	5.5	5.	
41745	16.5	5.5	5.	
41746	17.	5.5	5.	
41747	17.5	5.5	5.	
41748	18.	5.5	5.	
41749	18.5	5.5	5.	
41750	19.	5.5	5.	
41751	19.5	5.5	5.	
41752	20.	5.5	5.	
41753	20.5	5.5	5.	
41754	21.	5.5	5.	
41755	21.5	5.5	5.	
41756	22.	5.5	5.	
41757	22.5	5.5	5.	
41758	23.	5.5	5.	
41759	23.5	5.5	5.	
41760	24.	5.5	5.	
41761	24.5	5.5	5.	
41762	25.	5.5	5.	
41763	25.5	5.5	5.	
41764	26.	5.5	5.	
41765	26.5	5.5	5.	
41766	27.	5.5	5.	
41767	27.5	5.5	5.	
41768	28.	5.5	5.	
41769	28.5	5.5	5.	
41770	29.	5.5	5.	
41771	29.5	5.5	5.	
41772	30.	5.5	5.	
41773	30.5	5.5	5.	
41774	31.	5.5	5.	
41775	31.5	5.5	5.	
41776	32.	5.5	5.	
41777	32.5	5.5	5.	
41778	33.	5.5	5.	
41779	33.5	5.5	5.	
41780	34.	5.5	5.	
41781	34.5	5.5	5.	
41782	35.	5.5	5.	
41783	35.5	5.5	5.	
41784	36.	5.5	5.	
41785	36.5	5.5	5.	
41786	37.	5.5	5.	
41787	37.5	5.5	5.	
41788	38.	5.5	5.	
41789	38.5	5.5	5.	
41790	39.	5.5	5.	
41791	39.5	5.5	5.	
41792	0.5	5.	5.	
41793	1.	5.	5.	
41794	1.5	5.	5.	
41795	2.	5.	5.	
41796	2.5	5.	5.	
41797	3.	5.	5.	
41798	3.5	5.	5.	
41799	4.	5.	5.	
41800	4.5	5.	5.	
41801	5.	5.	5.	
41802	5.5	5.	5.	
41803	6.	5.	5.	
41804	6.5	5.	5.	
41805	7.	5.	5.	
41806	7.5	5.	5.	
41807	8.	5.	5.	
41808	8.5	5.	5.	
41809	9.	5.	5.	
41810	9.5	5.	5.	
41811	10.	5.	5.	
41812	10.5	5.	5.	
41813	11.	5.	5.	
41814	11.5	5.	5.	
41815	12.	5.	5.	
41816	12.5	5.	5.	
41817	13.	5.	5.	
41818	13.5	5.	5.	
41819	14.	5.	5.	
41820	14.5	5.	5.	
41821	15.	5.	5.	
41822	15.5	5.	5.	
41823	16.	5.	5.	
41824	16.5	5.	5.	
41825	17.	5.	5.	
41826	17.5	5.	5.	
41827	18.	5.	5.	
41828	18.5	5.	5.	
41829	19.	5.	5.	
41830	19.5	5.	5.	
41831	20.	5.	5.	
41832	20.5	5.	5.	
41833	21.	5.	5.	
41834	21.5	5.	5.	
41835	22.	5.	5.	
41836	22.5	5.	5.	
41837	23.	5.	5.	
41838	23.5	5.	5.	
41839	24.	5.	5.	
41840	24.5	5.	5.	
41841	25.	5.	5.	
41842	25.5	5.	5.	
41843	26.	5.	5.	
41844	26.5	5.	5.	
41845	27.	5.	5.	
41846	27.5	5.	5.	
41847	28.	5.	5.	
41848	28.5	5.	5.	
41849	29.	5.	5.	
41850	29.5	5.	5.	
41851	30.	5.	5.	
41852	30.5	5.	5.	
41853	31.	5.	5.	
41854	31.5	5.	5.	
41855	32.	5.	5.	
41856	32.5	5.	5.	
41857	33.	5.	5.	
41858	33.5	5.	5.	
41859	34.	5.	5.	
41860	34.5	5.	5.	
41861	35.	5.	5.	
41862	35.5	5.	5.	
41863	36.	5.	5.	
41864	36.5	5.	5.	
41865	37.	5.	5.	
41866	37.5	5.	5.	
41867	38.	5.	5.	
41868	38.5	5.	5.	
41869	39.	5.	5.	
41870	39.5	5.	5.	
41871	0.5	4.5	5.	
41872	1.	4.5	5.	
41873	1.5	4.5	5.	
41874	2.	4.5	5.	
41875	2.5	4.5	5.	
41876	3.	4.5	5.	
41877	3.5	4.5	5.	
41878	4.	4.5	5.	
41879	4.5	4.5	5.	
41880	5.	4.5	5.	
41881	5.5	4.5	5.	
41882	6.	4.5	5.	
41883	6.5	4.5	5.	
41884	7.	4.5	5.	
41885	7.5	4.5	5.	
41886	8.	4.5	5.	
41887	8.5	4.5	5.	
41888	9.	4.5	5.	
41889	9.5	4.5	5.	
41890	10.	4.5	5.	
41891	10.5	4.5	5.	
41892	11.	4.5	5.	
41893	11.5	4.5	5.	
41894	12.	4.5	5.	
41895	12.5	4.5	5.	
41896	13.	4.5	5.	
41897	13.5	4.5	5.	
41898	14.	4.5	5.	
41899	14.5	4.5	5.	
41900	15.	4.5	5.	
41901	15.5	4.5	5.	
41902	16.	4.5	5.	
41903	16.5	4.5	5.	
41904	17.	4.5	5.	
41905	17.5	4.5	5.	
41906	18.	4.5	5.	
41907	18.5	4.5	5.	
41908	19.	4.5	5.	
41909	19.5	4.5	5.	
41910	20.	4.5	5.	
41911	20.5	4.5	5.	
41912	21.	4.5	5.	
41913	21.5	4.5	5.	
41914	22.	4.5	5.	
41915	22.5	4.5	5.	
41916	23.	4.5	5.	
41917	23.5	4.5	5.	
41918	24.	4.5	5.	
41919	24.5	4.5	5.	
41920	25.	4.5	5.	
41921	25.5	4.5	5.	
41922	26.	4.5	5.	
41923	26.5	4.5	5.	
41924	27.	4.5	5.	
41925	27.5	4.5	5.	
41926	28.	4.5	5.	
41927	28.5	4.5	5.	
41928	29.	4.5	5.	
41929	29.5	4.5	5.	
41930	30.	4.5	5.	
41931	30.5	4.5	5.	
41932	31.	4.5	5.	
41933	31.5	4.5	5.	
41934	32.	4.5	5.	
41935	32.5	4.5	5.	
41936	33.	4.5	5.	
41937	33.5	4.5	5.	
41938	34.	4.5	5.	
41939	34.5	4.5	5.	
41940	35.	4.5	5.	
41941	35.5	4.5	5.	
41942	36.	4.5	5.	
41943	36.5	4.5	5.	
41944	37.	4.5	5.	
41945	37.5	4.5	5.	
41946	38.	4.5	5.	
41947	38.5	4.5	5.	
41948	39.	4.5	5.	
41949	39.5	4.5	5.	
41950	0.5	4.	5.	
41951	1.	4.	5.	
41952	1.5	4.	5.	
41953	2.	4.	5.	
41954	2.5	4.	5.	
41955	3.	4.	5.	
41956	3.5	4.	5.	
41957	4.	4.	5.	
41958	4.5	4.	5.	
41959	5.	4.	5.	
41960	5.5	4.	5.	
41961	6.	4.	5.	
41962	6.5	4.	5.	
41963	7.	4.	5.	
41964	7.5	4.	5.	
41965	8.	4.	5.	
41966	8.5	4.	5.	
41967	9.	4.	5.	
41968	9.5	4.	5.	
41969	10.	4.	5.	
41970	10.5	4.	5.	
41971	11.	4.	5.	
41972	11.5	4.	5.	
41973	12.	4.	5.	
41974	12.5	4.	5.	
41975	13.	4.	5.	
41976	13.5	4.	5.	
41977	14.	4.	5.	
41978	14.5	4.	5.	
41979	15.	4.	5.	
41980	15.5	4.	5.	
41981	16.	4.	5.	
41982	16.5	4.	5.	
41983	17.	4.	5.	
41984	17.5	4.	5.	
41985	18.	4.	5.	
41986	18.5	4.	5.	
41987	19.	4.	5.	
41988	19.5	4.	5.	
41989	20.	4.	5.	
41990	20.5	4.	5.	
41991	21.	4.	5.	
41992	21.5	4.	5.	
41993	22.	4.	5.	
41994	22.5	4.	5.	
41995	23.	4.	5.	
41996	23.5	4.	5.	
41997	24.	4.	5.	
41998	24.5	4.	5.	
41999	25.	4.	5.	
42000	25.5	4.	5.	
42001	26.	4.	5.	
42002	26.5	4.	5.	
42003	27.	4.	5.	
42004	27.5	4.	5.	
42005	28.	4.	5.	
42006	28.5	4.	5.	
42007	29.	4.	5.	
42008	29.5	4.	5.	
42009	30.	4.	5.	
42010	30.5	4.	5.	
42011	31.	4.	5.	
42012	31.5	4.	5.	
42013	32.	4.	5.	
42014	32.5	4.	5.	
42015	33.	4.	5.	
42016	33.5	4.	5.	
42017	34.	4.	5.	
42018	34.5	4.	5.	
42019	35.	4.	5.	
42020	35.5	4.	5.	
42021	36.	4.	5.	
42022	36.5	4.	5.	
42023	37.	4.	5.	
42024	37.5	4.	5.	
42025	38.	4.	5.	
42026	38.5	4.	5.	
42027	39.	4.	5.	
42028	39.5	4.	5.	
42029	0.5	3.5	5.	
42030	1.	3.5	5.	
42031	1.5	3.5	5.	
42032	2.	3.5	5.	
42033	2.5	3.5	5.	
42034	3.	3.5	5.	
42035	3.5	3.5	5.	
42036	4.	3.5	5.	
42037	4.5	3.5	5.	
42038	5.	3.5	5.	
42039	5.5	3.5	5.	
42040	6.	3.5	5.	
42041	6.5	3.5	5.	
42042	7.	3.5	5.	
42043	7.5	3.5	5.	
42044	8.	3.5	5.	
42045	8.5	3.5	5.	
42046	9.	3.5	5.	
42047	9.5	3.5	5.	
42048	10.	3.5	5.	
42049	10.5	3.5	5.	
42050	11.	3.5	5.	
42051	11.5	3.5	5.	
42052	12.	3.5	5.	
42053	12.5	3.5	5.	
42054	13.	3.5	5.	
42055	13.5	3.5	5.	
42056	14.	3.5	5.	
42057	14.5	3.5	5.	
42058	15.	3.5	5.	
42059	15.5	3.5	5.	
42060	16.	3.5	5.	
42061	16.5	3.5	5.	
42062	17.	3.5	5.	
42063	17.5	3.5	5.	
42064	18.	3.5	5.	
42065	18.5	3.5	5.	
42066	19.	3.5	5.	
42067	19.5	3.5	5.	
42068	20.	3.5	5.	
42069	20.5	3.5	5.	
42070	21.	3.5	5.	
42071	21.5	3.5	5.	
42072	22.	3.5	5.	
42073	22.5	3.5	5.	
42074	23.	3.5	5.	
42075	23.5	3.5	5.	
42076	24.	3.5	5.	
42077	24.5	3.5	5.	
42078	25.	3.5	5.	
42079	25.5	3.5	5.	
42080	26.	3.5	5.	
42081	26.5	3.5	5.	
42082	27.	3.5	5.	
42083	27.5	3.5	5.	
42084	28.	3.5	5.	
42085	28.5	3.5	5.	
42086	29.	3.5	5.	
42087	29.5	3.5	5.	
42088	30.	3.5	5.	
42089	30.5	3.5	5.	
42090	31.	3.5	5.	
42091	31.5	3.5	5.	
42092	32.	3.5	5.	
42093	32.5	3.5	5.	
42094	33.	3.5	5.	
42095	33.5	3.5	5.	
42096	34.	3.5	5.	
42097	34.5	3.5	5.	
42098	35.	3.5	5.	
42099	35.5	3.5	5.	
42100	36.	3.5	5.	
42101	36.5	3.5	5.	
42102	37.	3.5	5.	
42103	37.5	3.5	5.	
42104	38.	3.5	5.	
42105	38.5	3.5	5.	
42106	39.	3.5	5.	
42107	39.5	3.5	5.	
42108	0.5	3.	5.	
42109	1.	3.	5.	
42110	1.5	3.	5.	
42111	2.	3.	5.	
42112	2.5	3.	5.	
42113	3.	3.	5.	
42114	3.5	3.	5.	
42115	4.	3.	5.	
42116	4.5	3.	5.	
42117	5.	3.	5.	
42118	5.5	3.	5.	
42119	6.	3.	5.	
42120	6.5	3.	5.	
42121	7.	3.	5.	
42122	7.5	3.	5.	
42123	8.	3.	5.	
42124	8.5	3.	5.	
42125	9.	3.	5.	
42126	9.5	3.	5.	
42127	10.	3.	5.	
42128	10.5	3.	5.	
42129	11.	3.	5.	
42130	11.5	3.	5.	
42131	12.	3.	5.	
42132	12.5	3.	5.	
42133	13.	3.	5.	
42134	13.5	3.	5.	
42135	14.	3.	5.	
42136	14.5	3.	5.	
42137	15.	3.	5.	
42138	15.5	3.	5.	
42139	16.	3.	5.	
42140	16.5	3.	5.	
42141	17.	3.	5.	
42142	17.5	3.	5.	
42143	18.	3.	5.	
42144	18.5	3.	5.	
42145	19.	3.	5.	
42146	19.5	3.	5.	
42147	20.	3.	5.	
42148	20.5	3.	5.	
42149	21.	3.	5.	
42150	21.5	3.	5.	
42151	22.	3.	5.	
42152	22.5	3.	5.	
42153	23.	3.	5.	
42154	23.5	3.	5.	
42155	24.	3.	5.	
42156	24.5	3.	5.	
42157	25.	3.	5.	
42158	25.5	3.	5.	
42159	26.	3.	5.	
42160	26.5	3.	5.	
42161	27.	3.	5.	
42162	27.5	3.	5.	
42163	28.	3.	5.	
42164	28.5	3.	5.	
42165	29.	3.	5.	
42166	29.5	3.	5.	
42167	30.	3.	5.	
42168	30.5	3.	5.	
42169	31.	3.	5.	
42170	31.5	3.	5.	
42171	32.	3.	5.	
42172	32.5	3.	5.	
42173	33.	3.	5.	
42174	33.5	3.	5.	
42175	34.	3.	5.	
42176	34.5	3.	5.	
42177	35.	3.	5.	
42178	35.5	3.	5.	
42179	36.	3.	5.	
42180	36.5	3.	5.	
42181	37.	3.	5.	
42182	37.5	3.	5.	
42183	38.	3.	5.	
42184	38.5	3.	5.	
42185	39.	3.	5.	
42186	39.5	3.	5.	
42187	0.5	2.5	5.	
42188	1.	2.5	5.	
42189	1.5	2.5	5.	
42190	2.	2.5	5.	
42191	2.5	2.5	5.	
42192	3.	2.5	5.	
42193	3.5	2.5	5.	
42194	4.	2.5	5.	
42195	4.5	2.5	5.	
42196	5.	2.5	5.	
42197	5.5	2.5	5.	
42198	6.	2.5	5.	
42199	6.5	2.5	5.	
42200	7.	2.5	5.	
42201	7.5	2.5	5.	
42202	8.	2.5	5.	
42203	8.5	2.5	5.	
42204	9.	2.5	5.	
42205	9.5	2.5	5.	
42206	10.	2.5	5.	
42207	10.5	2.5	5.	
42208	11.	2.5	5.	
42209	11.5	2.5	5.	
42210	12.	2.5	5.	
42211	12.5	2.5	5.	
42212	13.	2.5	5.	
42213	13.5	2.5	5.	
42214	14.	2.5	5.	
42215	14.5	2.5	5.	
42216	15.	2.5	5.	
42217	15.5	2.5	5.	
42218	16.	2.5	5.	
42219	16.5	2.5	5.	
42220	17.	2.5	5.	
42221	17.5	2.5	5.	
42222	18.	2.5	5.	
42223	18.5	2.5	5.	
42224	19.	2.5	5.	
42225	19.5	2.5	5.	
42226	20.	2.5	5.	
42227	20.5	2.5	5.	
42228	21.	2.5	5.	
42229	21.5	2.5	5.	
42230	22.	2.5	5.	
42231	22.5	2.5	5.	
42232	23.	2.5	5.	
42233	23.5	2.5	5.	
42234	24.	2.5	5.	
42235	24.5	2.5	5.	
42236	25.	2.5	5.	
42237	25.5	2.5	5.	
42238	26.	2.5	5.	
42239	26.5	2.5	5.	
42240	27.	2.5	5.	
42241	27.5	2.5	5.	
42242	28.	2.5	5.	
42243	28.5	2.5	5.	
42244	29.	2.5	5.	
42245	29.5	2.5	5.	
42246	30.	2.5	5.	
42247	30.5	2.5	5.	
42248	31.	2.5	5.	
42249	31.5	2.5	5.	
42250	32.	2.5	5.	
42251	32.5	2.5	5.	
42252	33.	2.5	5.	
42253	33.5	2.5	5.	
42254	34.	2.5	5.	
42255	34.5	2.5	5.	
42256	35.	2.5	5.	
42257	35.5	2.5	5.	
42258	36.	2.5	5.	
42259	36.5	2.5	5.	
42260	37.	2.5	5.	
42261	37.5	2.5	5.	
42262	38.	2.5	5.	
42263	38.5	2.5	5.	
42264	39.	2.5	5.	
42265	39.5	2.5	5.	
42266	0.5	2.	5.	
42267	1.	2.	5.	
42268	1.5	2.	5.	
42269	2.	2.	5.	
42270	2.5	2.	5.	
42271	3.	2.	5.	
42272	3.5	2.	5.	
42273	4.	2.	5.	
42274	4.5	2.	5.	
42275	5.	2.	5.	
42276	5.5	2.	5.	
42277	6.	2.	5.	
42278	6.5	2.	5.	
42279	7.	2.	5.	
42280	7.5	2.	5.	
42281	8.	2.	5.	
42282	8.5	2.	5.	
42283	9.	2.	5.	
42284	9.5	2.	5.	
42285	10.	2.	5.	
42286	10.5	2.	5.	
42287	11.	2.	5.	
42288	11.5	2.	5.	
42289	12.	2.	5.	
42290	12.5	2.	5.	
42291	13.	2.	5.	
42292	13.5	2.	5.	
42293	14.	2.	5.	
42294	14.5	2.	5.	
42295	15.	2.	5.	
42296	15.5	2.	5.	
42297	16.	2.	5.	
42298	16.5	2.	5.	
42299	17.	2.	5.	
42300	17.5	2.	5.	
42301	18.	2.	5.	
42302	18.5	2.	5.	
42303	19.	2.	5.	
42304	19.5	2.	5.	
42305	20.	2.	5.	
42306	20.5	2.	5.	
42307	21.	2.	5.	
42308	21.5	2.	5.	
42309	22.	2.	5.	
42310	22.5	2.	5.	
42311	23.	2.	5.	
42312	23.5	2.	5.	
42313	24.	2.	5.	
42314	24.5	2.	5.	
42315	25.	2.	5.	
42316	25.5	2.	5.	
42317	26.	2.	5.	
42318	26.5	2.	5.	
42319	27.	2.	5.	
42320	27.5	2.	5.	
42321	28.	2.	5.	
42322	28.5	2.	5.	
42323	29.	2.	5.	
42324	29.5	2.	5.	
42325	30.	2.	5.	
42326	30.5	2.	5.	
42327	31.	2.	5.	
42328	31.5	2.	5.	
42329	32.	2.	5.	
42330	32.5	2.	5.	
42331	33.	2.	5.	
42332	33.5	2.	5.	
42333	34.	2.	5.	
42334	34.5	2.	5.	
42335	35.	2.	5.	
42336	35.5	2.	5.	
42337	36.	2.	5.	
42338	36.5	2.	5.	
42339	37.	2.	5.	
42340	37.5	2.	5.	
42341	38.	2.	5.	
42342	38.5	2.	5.	
42343	39.	2.	5.	
42344	39.5	2.	5.	
42345	0.5	1.5	5.	
42346	1.	1.5	5.	
42347	1.5	1.5	5.	
42348	2.	1.5	5.	
42349	2.5	1.5	5.	
42350	3.	1.5	5.	
42351	3.5	1.5	5.	
42352	4.	1.5	5.	
42353	4.5	1.5	5.	
42354	5.	1.5	5.	
42355	5.5	1.5	5.	
42356	6.	1.5	5.	
42357	6.5	1.5	5.	
42358	7.	1.5	5.	
42359	7.5	1.5	5.	
42360	8.	1.5	5.	
42361	8.5	1.5	5.	
42362	9.	1.5	5.	
42363	9.5	1.5	5.	
42364	10.	1.5	5.	
42365	10.5	1.5	5.	
42366	11.	1.5	5.	
42367	11.5	1.5	5.	
42368	12.	1.5	5.	
42369	12.5	1.5	5.	
42370	13.	1.5	5.	
42371	13.5	1.5	5.	
42372	14.	1.5	5.	
42373	14.5	1.5	5.	
42374	15.	1.5	5.	
42375	15.5	1.5	5.	
42376	16.	1.5	5.	
42377	16.5	1.5	5.	
42378	17.	1.5	5.	
42379	17.5	1.5	5.	
42380	18.	1.5	5.	
42381	18.5	1.5	5.	
42382	19.	1.5	5.	
42383	19.5	1.5	5.	
42384	20.	1.5	5.	
42385	20.5	1.5	5.	
42386	21.	1.5	5.	
42387	21.5	1.5	5.	
42388	22.	1.5	5.	
42389	22.5	1.5	5.	
42390	23.	1.5	5.	
42391	23.5	1.5	5.	
42392	24.	1.5	5.	
42393	24.5	1.5	5.	
42394	25.	1.5	5.	
42395	25.5	1.5	5.	
42396	26.	1.5	5.	
42397	26.5	1.5	5.	
42398	27.	1.5	5.	
42399	27.5	1.5	5.	
42400	28.	1.5	5.	
42401	28.5	1.5	5.	
42402	29.	1.5	5.	
42403	29.5	1.5	5.	
42404	30.	1.5	5.	
42405	30.5	1.5	5.	
42406	31.	1.5	5.	
42407	31.5	1.5	5.	
42408	32.	1.5	5.	
42409	32.5	1.5	5.	
42410	33.	1.5	5.	
42411	33.5	1.5	5.	
42412	34.	1.5	5.	
42413	34.5	1.5	5.	
42414	35.	1.5	5.	
42415	35.5	1.5	5.	
42416	36.	1.5	5.	
42417	36.5	1.5	5.	
42418	37.	1.5	5.	
42419	37.5	1.5	5.	
42420	38.	1.5	5.	
42421	38.5	1.5	5.	
42422	39.	1.5	5.	
42423	39.5	1.5	5.	
42424	0.5	1.	5.	
42425	1.	1.	5.	
42426	1.5	1.	5.	
42427	2.	1.	5.	
42428	2.5	1.	5.	
42429	3.	1.	5.	
42430	3.5	1.	5.	
42431	4.	1.	5.	
42432	4.5	1.	5.	
42433	5.	1.	5.	
42434	5.5	1.	5.	
42435	6.	1.	5.	
42436	6.5	1.	5.	
42437	7.	1.	5.	
42438	7.5	1.	5.	
42439	8.	1.	5.	
42440	8.5	1.	5.	
42441	9.	1.	5.	
42442	9.5	1.	5.	
42443	10.	1.	5.	
42444	10.5	1.	5.	
42445	11.	1.	5.	
42446	11.5	1.	5.	
42447	12.	1.	5.	
42448	12.5	1.	5.	
42449	13.	1.	5.	
42450	13.5	1.	5.	
42451	14.	1.	5.	
42452	14.5	1.	5.	
42453	15.	1.	5.	
42454	15.5	1.	5.	
42455	16.	1.	5.	
42456	16.5	1.	5.	
42457	17.	1.	5.	
42458	17.5	1.	5.	
42459	18.	1.	5.	
42460	18.5	1.	5.	
42461	19.	1.	5.	
42462	19.5	1.	5.	
42463	20.	1.	5.	
42464	20.5	1.	5.	
42465	21.	1.	5.	
42466	21.5	1.	5.	
42467	22.	1.	5.	
42468	22.5	1.	5.	
42469	23.	1.	5.	
42470	23.5	1.	5.	
42471	24.	1.	5.	
42472	24.5	1.	5.	
42473	25.	1.	5.	
42474	25.5	1.	5.	
42475	26.	1.	5.	
42476	26.5	1.	5.	
42477	27.	1.	5.	
42478	27.5	1.	5.	
42479	28.	1.	5.	
42480	28.5	1.	5.	
42481	29.	1.	5.	
42482	29.5	1.	5.	
42483	30.	1.	5.	
42484	30.5	1.	5.	
42485	31.	1.	5.	
42486	31.5	1.	5.	
42487	32.	1.	5.	
42488	32.5	1.	5.	
42489	33.	1.	5.	
42490	33.5	1.	5.	
42491	34.	1.	5.	
42492	34.5	1.	5.	
42493	35.	1.	5.	
42494	35.5	1.	5.	
42495	36.	1.	5.	
42496	36.5	1.	5.	
42497	37.	1.	5.	
42498	37.5	1.	5.	
42499	38.	1.	5.	
42500	38.5	1.	5.	
42501	39.	1.	5.	
42502	39.5	1.	5.	
42503	0.5	0.5	5.	
42504	1.	0.5	5.	
42505	1.5	0.5	5.	
42506	2.	0.5	5.	
42507	2.5	0.5	5.	
42508	3.	0.5	5.	
42509	3.5	0.5	5.	
42510	4.	0.5	5.	
42511	4.5	0.5	5.	
42512	5.	0.5	5.	
42513	5.5	0.5	5.	
42514	6.	0.5	5.	
42515	6.5	0.5	5.	
42516	7.	0.5	5.	
42517	7.5	0.5	5.	
42518	8.	0.5	5.	
42519	8.5	0.5	5.	
42520	9.	0.5	5.	
42521	9.5	0.5	5.	
42522	10.	0.5	5.	
42523	10.5	0.5	5.	
42524	11.	0.5	5.	
42525	11.5	0.5	5.	
42526	12.	0.5	5.	
42527	12.5	0.5	5.	
42528	13.	0.5	5.	
42529	13.5	0.5	5.	
42530	14.	0.5	5.	
42531	14.5	0.5	5.	
42532	15.	0.5	5.	
42533	15.5	0.5	5.	
42534	16.	0.5	5.	
42535	16.5	0.5	5.	
42536	17.	0.5	5.	
42537	17.5	0.5	5.	
42538	18.	0.5	5.	
42539	18.5	0.5	5.	
42540	19.	0.5	5.	
42541	19.5	0.5	5.	
42542	20.	0.5	5.	
42543	20.5	0.5	5.	
42544	21.	0.5	5.	
42545	21.5	0.5	5.	
42546	22.	0.5	5.	
42547	22.5	0.5	5.	
42548	23.	0.5	5.	
42549	23.5	0.5	5.	
42550	24.	0.5	5.	
42551	24.5	0.5	5.	
42552	25.	0.5	5.	
42553	25.5	0.5	5.	
42554	26.	0.5	5.	
42555	26.5	0.5	5.	
42556	27.	0.5	5.	
42557	27.5	0.5	5.	
42558	28.	0.5	5.	
42559	28.5	0.5	5.	
42560	29.	0.5	5.	
42561	29.5	0.5	5.	
42562	30.	0.5	5.	
42563	30.5	0.5	5.	
42564	31.	0.5	5.	
42565	31.5	0.5	5.	
42566	32.	0.5	5.	
42567	32.5	0.5	5.	
42568	33.	0.5	5.	
42569	33.5	0.5	5.	
42570	34.	0.5	5.	
42571	34.5	0.5	5.	
42572	35.	0.5	5.	
42573	35.5	0.5	5.	
42574	36.	0.5	5.	
42575	36.5	0.5	5.	
42576	37.	0.5	5.	
42577	37.5	0.5	5.	
42578	38.	0.5	5.	
42579	38.5	0.5	5.	
42580	39.	0.5	5.	
42581	39.5	0.5	5.	
42582	39.5	0.	5.	
42583	39.	0.	5.	
42584	38.5	0.	5.	
42585	38.	0.	5.	
42586	37.5	0.	5.	
42587	37.	0.	5.	
42588	36.5	0.	5.	
42589	36.	0.	5.	
42590	35.5	0.	5.	
42591	35.	0.	5.	
42592	34.5	0.	5.	
42593	34.	0.	5.	
42594	33.5	0.	5.	
42595	33.	0.	5.	
42596	32.5	0.	5.	
42597	32.	0.	5.	
42598	31.5	0.	5.	
42599	31.	0.	5.	
42600	30.5	0.	5.	
42601	30.	0.	5.	
42602	29.5	0.	5.	
42603	29.	0.	5.	
42604	28.5	0.	5.	
42605	28.	0.	5.	
42606	27.5	0.	5.	
42607	27.	0.	5.	
42608	26.5	0.	5.	
42609	26.	0.	5.	
42610	25.5	0.	5.	
42611	25.	0.	5.	
42612	24.5	0.	5.	
42613	24.	0.	5.	
42614	23.5	0.	5.	
42615	23.	0.	5.	
42616	22.5	0.	5.	
42617	22.	0.	5.	
42618	21.5	0.	5.	
42619	21.	0.	5.	
42620	20.5	0.	5.	
42621	20.	0.	5.	
42622	19.5	0.	5.	
42623	19.	0.	5.	
42624	18.5	0.	5.	
42625	18.	0.	5.	
42626	17.5	0.	5.	
42627	17.	0.	5.	
42628	16.5	0.	5.	
42629	16.	0.	5.	
42630	15.5	0.	5.	
42631	15.	0.	5.	
42632	14.5	0.	5.	
42633	14.	0.	5.	
42634	13.5	0.	5.	
42635	13.	0.	5.	
42636	12.5	0.	5.	
42637	12.	0.	5.	
42638	11.5	0.	5.	
42639	11.	0.	5.	
42640	10.5	0.	5.	
42641	10.	0.	5.	
42642	9.5	0.	5.	
42643	9.	0.	5.	
42644	8.5	0.	5.	
42645	8.	0.	5.	
42646	7.5	0.	5.	
42647	7.	0.	5.	
42648	6.5	0.	5.	
42649	6.	0.	5.	
42650	5.5	0.	5.	
42651	5.	0.	5.	
42652	4.5	0.	5.	
42653	4.	0.	5.	
42654	3.5	0.	5.	
42655	3.	0.	5.	
42656	2.5	0.	5.	
42657	2.	0.	5.	
42658	1.5	0.	5.	
42659	1.	0.	5.	
42660	0.5	0.	5.	
42661	0.5	25.	5.	
42662	1.	25.	5.	
42663	1.5	25.	5.	
42664	2.	25.	5.	
42665	2.5	25.	5.	
42666	3.	25.	5.	
42667	3.5	25.	5.	
42668	4.	25.	5.	
42669	4.5	25.	5.	
42670	5.	25.	5.	
42671	5.5	25.	5.	
42672	6.	25.	5.	
42673	6.5	25.	5.	
42674	7.	25.	5.	
42675	7.5	25.	5.	
42676	8.	25.	5.	
42677	8.5	25.	5.	
42678	9.	25.	5.	
42679	9.5	25.	5.	
42680	10.	25.	5.	
42681	10.5	25.	5.	
42682	11.	25.	5.	
42683	11.5	25.	5.	
42684	12.	25.	5.	
42685	12.5	25.	5.	
42686	13.	25.	5.	
42687	13.5	25.	5.	
42688	14.	25.	5.	
42689	14.5	25.	5.	
42690	15.	25.	5.	
42691	15.5	25.	5.	
42692	16.	25.	5.	
42693	16.5	25.	5.	
42694	17.	25.	5.	
42695	17.5	25.	5.	
42696	18.	25.	5.	
42697	18.5	25.	5.	
42698	19.	25.	5.	
42699	19.5	25.	5.	
42700	20.	25.	5.	
42701	20.5	25.	5.	
42702	21.	25.	5.	
42703	21.5	25.	5.	
42704	22.	25.	5.	
42705	22.5	25.	5.	
42706	23.	25.	5.	
42707	23.5	25.	5.	
42708	24.	25.	5.	
42709	24.5	25.	5.	
42710	25.	25.	5.	
42711	25.5	25.	5.	
42712	26.	25.	5.	
42713	26.5	25.	5.	
42714	27.	25.	5.	
42715	27.5	25.	5.	
42716	28.	25.	5.	
42717	28.5	25.	5.	
42718	29.	25.	5.	
42719	29.5	25.	5.	
42720	30.	25.	5.	
42721	30.5	25.	5.	
42722	31.	25.	5.	
42723	31.5	25.	5.	
42724	32.	25.	5.	
42725	32.5	25.	5.	
42726	33.	25.	5.	
42727	33.5	25.	5.	
42728	34.	25.	5.	
42729	34.5	25.	5.	
42730	35.	25.	5.	
42731	35.5	25.	5.	
42732	36.	25.	5.	
42733	36.5	25.	5.	
42734	37.	25.	5.	
42735	37.5	25.	5.	
42736	38.	25.	5.	
42737	38.5	25.	5.	
42738	39.	25.	5.	
42739	39.5	25.	5.	
42740	0.	25.	5.	
42741	0.	24.5	5.	
42742	0.	24.	5.	
42743	0.	23.5	5.	
42744	0.	23.	5.	
42745	0.	22.5	5.	
42746	0.	22.	5.	
42747	0.	21.5	5.	
42748	0.	21.	5.	
42749	0.	20.5	5.	
42750	0.	20.	5.	
42751	0.	19.5	5.	
42752	0.	19.	5.	
42753	0.	18.5	5.	
42754	0.	18.	5.	
42755	0.	17.5	5.	
42756	0.	17.	5.	
42757	0.	16.5	5.	
42758	0.	16.	5.	
42759	0.	15.5	5.	
42760	0.	15.	5.	
42761	0.	14.5	5.	
42762	0.	14.	5.	
42763	0.	13.5	5.	
42764	0.	13.	5.	
42765	0.	12.5	5.	
42766	0.	12.	5.	
42767	0.	11.5	5.	
42768	0.	11.	5.	
42769	0.	10.5	5.	
42770	0.	10.	5.	
42771	0.	9.5	5.	
42772	0.	9.	5.	
42773	0.	8.5	5.	
42774	0.	8.	5.	
42775	0.	7.5	5.	
42776	0.	7.	5.	
42777	0.	6.5	5.	
42778	0.	6.	5.	
42779	0.	5.5	5.	
42780	0.	5.	5.	
42781	0.	4.5	5.	
42782	0.	4.	5.	
42783	0.	3.5	5.	
42784	0.	3.	5.	
42785	0.	2.5	5.	
42786	0.	2.	5.	
42787	0.	1.5	5.	
42788	0.	1.	5.	
42789	0.	0.5	5.	
42790	0.	0.	5.	
42791	40.	25.	5.	
42792	40.	24.5	5.	
42793	40.	24.	5.	
42794	40.	23.5	5.	
42795	40.	23.	5.	
42796	40.	22.5	5.	
42797	40.	22.	5.	
42798	40.	21.5	5.	
42799	40.	21.	5.	
42800	40.	20.5	5.	
42801	40.	20.	5.	
42802	40.	19.5	5.	
42803	40.	19.	5.	
42804	40.	18.5	5.	
42805	40.	18.	5.	
42806	40.	17.5	5.	
42807	40.	17.	5.	
42808	40.	16.5	5.	
42809	40.	16.	5.	
42810	40.	15.5	5.	
42811	40.	15.	5.	
42812	40.	14.5	5.	
42813	40.	14.	5.	
42814	40.	13.5	5.	
42815	40.	13.	5.	
42816	40.	12.5	5.	
42817	40.	12.	5.	
42818	40.	11.5	5.	
42819	40.	11.	5.	
42820	40.	10.5	5.	
42821	40.	10.	5.	
42822	40.	9.5	5.	
42823	40.	9.	5.	
42824	40.	8.5	5.	
42825	40.	8.	5.	
42826	40.	7.5	5.	
42827	40.	7.	5.	
42828	40.	6.5	5.	
42829	40.	6.	5.	
42830	40.	5.5	5.	
42831	40.	5.	5.	
42832	40.	4.5	5.	
42833	40.	4.	5.	
42834	40.	3.5	5.	
42835	40.	3.	5.	
42836	40.	2.5	5.	
42837	40.	2.	5.	
42838	40.	1.5	5.	
42839	40.	1.	5.	
42840	40.	0.5	5.	
42841	40.	0.	5.	
